|Ax-x| =  3.1913224828841403e-13

real    0m0,509s
user    0m0,778s
sys     0m0,668s
0.1
0.009999999999914043
0.010000000000062506
0.009999999999949109
0.010000000000053993
0.00999999999992129
0.009999999999976238
0.009999999999964164
0.010000000000001992
0.009999999999956112
0.009999999999938922
0.010000000000048827
0.009999999999969858
0.009999999999977383
0.009999999999989365
0.010000000000040903
0.010000000000058056
0.00999999999998275
0.010000000000044593
0.01000000000004115
0.00999999999997417
0.009999999999967148
0.010000000000027261
0.009999999999937961
0.009999999999956849
0.010000000000032016
0.009999999999985642
0.009999999999961599
0.009999999999946146
0.010000000000016407
0.010000000000021563
0.009999999999988931
0.010000000000050756
0.010000000000034152
0.0099999999999603
0.010000000000004962
0.009999999999953435
0.00999999999995066
0.009999999999947213
0.01000000000002107
0.009999999999954098
0.009999999999986787
0.010000000000015996
0.009999999999969634
0.010000000000040043
0.009999999999992005
0.01000000000003838
0.010000000000040095
0.010000000000041814
0.01000000000004453
0.009999999999974115
0.00999999999998271
0.010000000000032516
0.00999999999997961
0.010000000000043146
0.00999999999996244
0.010000000000044862
0.010000000000032592
0.01000000000003258
0.009999999999965618
0.010000000000018851
0.010000000000025723
0.010000000000001678
0.01000000000003775
0.00999999999997592
0.010000000000006703
0.00999999999998265
0.010000000000001542
0.009999999999992949
0.009999999999994666
0.010000000000011841
0.010000000000008408
0.009999999999982646
0.010000000000013564
0.01000000000002043
0.010000000000020432
0.00999999999999124
0.01000000000002215
0.009999999999992954
0.009999999999986084
0.0100000000000067
0.010000000000006691
0.009999999999999825
0.010000000000018713
0.010000000000011847
0.009999999999989517
0.010000000000016995
0.009999999999999823
0.009999999999992955
0.010000000000013562
0.010000000000013562
0.009999999999999825
0.010000000000004975
0.010000000000008414
0.010000000000006693
0.010000000000003256
0.010000000000001542
0.010000000000003258
0.010000000000003322
0.010000000000003336
0.010000000000002628
