|Ax-x| =  9.817861496259963e-15

real    0m0,511s
user    0m0,679s
sys     0m0,735s

0.9
0.01000000000000008
0.010000000000002394
0.010000000000000472
0.009999999999999794
0.010000000000001265
0.010000000000002257
0.010000000000000696
0.010000000000000371
0.009999999999998642
0.010000000000001674
0.010000000000001508
0.010000000000001901
0.010000000000002427
0.009999999999999376
0.00999999999999823
0.009999999999999967
0.010000000000002184
0.010000000000000097
0.01000000000000087
0.009999999999999355
0.010000000000002087
0.00999999999999942
0.00999999999999827
0.009999999999999799
0.009999999999998632
0.010000000000001298
0.010000000000000347
0.010000000000001492
0.01000000000000105
0.009999999999999344
0.009999999999999534
0.010000000000001818
0.010000000000001324
0.010000000000001522
0.010000000000000755
0.009999999999998661
0.009999999999998828
0.010000000000001095
0.00999999999999958
0.010000000000000732
0.010000000000000803
0.010000000000000802
0.00999999999999921
0.01000000000000019
0.010000000000000285
0.009999999999999147
0.010000000000000484
0.009999999999998748
0.010000000000000356
0.010000000000001128
0.009999999999999091
0.00999999999999966
0.010000000000000283
0.010000000000000094
0.01000000000000047
0.009999999999999112
0.010000000000000286
0.00999999999999954
0.010000000000000488
0.009999999999998961
0.01000000000000013
0.010000000000000314
0.009999999999999556
0.009999999999998973
0.010000000000000519
0.009999999999999948
0.00999999999999996
0.009999999999999981
0.009999999999999974
0.0099999999999994
0.00999999999999996
0.009999999999999202
0.009999999999999376
0.009999999999999948
0.010000000000000352
0.009999999999999972
0.009999999999999598
0.009999999999998996
0.009999999999999192
0.009999999999999381
0.009999999999999393
0.009999999999999606
0.0099999999999994
0.009999999999999976
0.009999999999999374
0.009999999999999376
0.009999999999999376
0.009999999999999377
0.009999999999999211
0.009999999999999402
0.009999999999998996
0.009999999999998992
0.009999999999998992
0.009999999999999183
0.009999999999999207
0.00999999999999902
0.009999999999998994
0.009999999999999032
0.009999999999999178
0.009999999999999148
