|Ax-x| =  3.339492090409509e-14

real    0m0,511s
user    0m0,660s
sys     0m0,813s
0.5
0.009999999999992348
0.009999999999991451
0.009999999999999173
0.01000000000000546
0.009999999999991306
0.010000000000000455
0.010000000000003655
0.009999999999991616
0.010000000000003997
0.010000000000003352
0.010000000000001619
0.010000000000000262
0.010000000000000406
0.010000000000003168
0.009999999999993544
0.009999999999992496
0.009999999999998205
0.010000000000004023
0.010000000000004719
0.009999999999993722
0.010000000000004762
0.010000000000003739
0.00999999999999344
0.009999999999994123
0.010000000000002984
0.010000000000004705
0.009999999999999558
0.009999999999996808
0.01000000000000163
0.010000000000000599
0.01000000000000232
0.009999999999999577
0.009999999999999799
0.009999999999997048
0.009999999999995676
0.009999999999997395
0.009999999999995764
0.009999999999994402
0.009999999999995426
0.009999999999996114
0.010000000000001695
0.010000000000003397
0.009999999999996867
0.009999999999997223
0.009999999999996914
0.009999999999996225
0.00999999999999793
0.010000000000003088
0.010000000000002568
0.010000000000004634
0.00999999999999845
0.009999999999997417
0.00999999999999715
0.010000000000001962
0.010000000000002307
0.009999999999998867
0.009999999999998937
0.010000000000002039
0.009999999999997558
0.010000000000000656
0.010000000000004098
0.010000000000004795
0.010000000000002373
0.00999999999999928
0.01000000000000232
0.01000000000000402
0.010000000000001947
0.01000000000000025
0.009999999999998867
0.01000000000000059
0.010000000000001617
0.010000000000000588
0.010000000000000587
0.009999999999998871
0.009999999999999214
0.00999999999999922
0.010000000000003338
0.010000000000000247
0.010000000000003338
0.010000000000000933
0.010000000000000933
0.010000000000000932
0.010000000000001279
0.010000000000000935
0.010000000000001624
0.01000000000000025
0.010000000000002313
0.010000000000002306
0.010000000000002304
0.010000000000001279
0.01000000000000059
0.010000000000001619
0.010000000000001962
0.010000000000000587
0.010000000000000932
0.010000000000001279
0.010000000000001275
0.010000000000000918
0.01000000000000137
0.010000000000001437
