|Ax-x| =  2.2106703953244533e-14

real    0m2,346s
user    0m2,627s
sys     0m0,678s
0.9
0.0050000000000014425
0.005000000000000637
0.004999999999997183
0.004999999999995434
0.004999999999998235
0.004999999999996402
0.004999999999999289
0.004999999999997571
0.00499999999999682
0.004999999999999108
0.005000000000000257
0.004999999999997405
0.005000000000001409
0.005000000000002188
0.005000000000001266
0.005000000000004307
0.005000000000001536
0.00500000000000289
0.005000000000001562
0.00500000000000289
0.004999999999996151
0.005000000000003246
0.00499999999999577
0.004999999999996729
0.005000000000000506
0.004999999999997257
0.005000000000001277
0.005000000000002057
0.004999999999999807
0.005000000000000967
0.005000000000000198
0.005000000000000591
0.004999999999999467
0.004999999999999474
0.004999999999999097
0.005000000000000435
0.004999999999996476
0.005000000000003183
0.0050000000000003
0.004999999999998002
0.0049999999999980945
0.00500000000000192
0.004999999999997511
0.004999999999998336
0.005000000000001645
0.00499999999999992
0.004999999999998195
0.004999999999996469
0.00499999999999746
0.004999999999999188
0.005000000000001499
0.005000000000000337
0.005000000000002901
0.004999999999999635
0.004999999999996957
0.004999999999999465
0.00499999999999864
0.00499999999999763
0.004999999999998394
0.004999999999998794
0.004999999999996301
0.0049999999999984085
0.005000000000001661
0.005000000000001669
0.005000000000001883
0.005000000000000922
0.005000000000000727
0.004999999999997963
0.0049999999999987615
0.005000000000001258
0.005000000000001928
0.004999999999999051
0.005000000000001582
0.004999999999999089
0.004999999999998895
0.005000000000001772
0.004999999999999206
0.005000000000002841
0.005000000000000153
0.005000000000000925
0.005000000000002525
0.0050000000000023845
0.004999999999998686
0.005000000000002909
0.00500000000000139
0.004999999999999856
0.005000000000001388
0.005000000000002729
0.005000000000001877
0.0050000000000009264
0.004999999999997466
0.004999999999998808
0.004999999999998643
0.0049999999999995985
0.005000000000002366
0.004999999999998723
0.004999999999998148
0.004999999999999807
0.004999999999999022
0.00499999999999883
0.00499999999999971
0.005000000000001051
0.004999999999997985
0.004999999999998942
0.004999999999999114
0.004999999999997964
0.005000000000000839
0.00500000000000161
0.005000000000001033
0.004999999999999308
0.005000000000000839
0.0050000000000010305
0.004999999999999691
0.004999999999998922
0.004999999999998729
0.0049999999999998795
0.004999999999999316
0.004999999999999705
0.005000000000000858
0.005000000000001416
0.0049999999999998795
0.005000000000001306
0.004999999999999004
0.004999999999999198
0.004999999999998345
0.005000000000000645
0.004999999999999306
0.004999999999998921
0.004999999999999311
0.005000000000000654
0.004999999999998751
0.004999999999999133
0.005000000000001806
0.0049999999999996965
0.0049999999999989254
0.005000000000001421
0.004999999999998925
0.004999999999999302
0.005000000000001032
0.00500000000000086
0.005000000000001612
0.00500000000000065
0.005000000000000078
0.004999999999999119
0.005000000000000285
0.005000000000001437
0.005000000000001612
0.005000000000001034
0.004999999999999116
0.0049999999999995
0.00500000000000027
0.005000000000000267
0.004999999999999503
0.005000000000000843
0.004999999999999694
0.0049999999999996905
0.005000000000000842
0.005000000000000843
0.004999999999999135
0.005000000000000477
0.004999999999999901
0.004999999999999885
0.005000000000000651
0.0049999999999993106
0.0049999999999993106
0.004999999999999885
0.005000000000000459
0.00500000000000161
0.0050000000000000756
0.004999999999999501
0.0049999999999995005
0.0050000000000000756
0.0050000000000014365
0.005000000000000474
0.0049999999999996965
0.005000000000000267
0.0049999999999998865
0.0050000000000004615
0.00500000000000027
0.005000000000000654
0.005000000000000077
0.005000000000001052
0.005000000000001419
0.005000000000000845
0.005000000000000846
0.005000000000000655
0.005000000000000666
0.005000000000000283
0.005000000000000654
0.00500000000000008
0.005000000000000845
0.005000000000000462
0.005000000000000653
0.005000000000000652
0.0050000000000004615
0.005000000000000461
0.0050000000000004615
0.005000000000000137
0.005000000000000724
0.005000000000000522
