|Ax-x| =  8.485994922299482e-14

real    0m2,271s
user    0m2,373s
sys     0m0,751s
0.5
0.005000000000014103
0.005000000000001358
0.00500000000000577
0.004999999999990412
0.005000000000012379
0.005000000000005437
0.004999999999992017
0.0049999999999844145
0.0050000000000057915
0.00499999999999887
0.004999999999998908
0.004999999999984058
0.004999999999993783
0.00499999999999209
0.004999999999984146
0.004999999999993806
0.005000000000004472
0.004999999999993426
0.005000000000011716
0.0049999999999858265
0.005000000000000028
0.004999999999992403
0.005000000000003474
0.005000000000000368
0.004999999999997702
0.005000000000010143
0.004999999999986316
0.005000000000007036
0.0049999999999909405
0.005000000000009575
0.0049999999999919805
0.004999999999996119
0.0050000000000097475
0.004999999999996647
0.005000000000010797
0.004999999999994224
0.005000000000010771
0.004999999999995927
0.00500000000000628
0.004999999999987633
0.005000000000010727
0.0049999999999893255
0.005000000000003475
0.004999999999992494
0.004999999999990615
0.004999999999990611
0.005000000000010638
0.004999999999987157
0.0049999999999958775
0.005000000000005549
0.004999999999993457
0.004999999999995271
0.004999999999988912
0.004999999999990987
0.005000000000005486
0.004999999999995451
0.005000000000007376
0.004999999999992542
0.005000000000009447
0.004999999999992881
0.005000000000003588
0.004999999999997725
0.005000000000004976
0.005000000000010491
0.005000000000009413
0.004999999999992501
0.004999999999995956
0.004999999999989999
0.004999999999989836
0.004999999999992938
0.005000000000008909
0.005000000000006494
0.004999999999995858
0.005000000000010015
0.004999999999994476
0.004999999999989986
0.004999999999996323
0.005000000000005631
0.005000000000004937
0.005000000000000445
0.004999999999991435
0.004999999999999384
0.004999999999991441
0.004999999999998005
0.005000000000005218
0.005000000000008672
0.005000000000006937
0.005000000000000387
0.00500000000000184
0.005000000000001496
0.004999999999996659
0.005000000000000809
0.004999999999999333
0.004999999999999677
0.005000000000009949
0.0050000000000051115
0.005000000000008713
0.005000000000007782
0.005000000000007067
0.005000000000005341
0.004999999999995051
0.005000000000001264
0.005000000000002298
0.004999999999997462
0.005000000000006712
0.005000000000005331
0.005000000000002572
0.005000000000001188
0.0050000000000039535
0.0050000000000015405
0.0050000000000011945
0.005000000000007407
0.005000000000000158
0.0050000000000025744
0.005000000000002921
0.0050000000000043
0.00500000000000814
0.005000000000007446
0.00499999999999432
0.00499999999999567
0.004999999999999468
0.005000000000007324
0.0050000000000011095
0.005000000000004561
0.0049999999999980884
0.004999999999994638
0.0050000000000029205
0.004999999999995673
0.004999999999998429
0.004999999999994634
0.004999999999995711
0.00499999999999502
0.00499999999999636
0.004999999999996014
0.004999999999996705
0.005000000000003265
0.0049999999999977415
0.004999999999996707
0.004999999999997739
0.005000000000000533
0.004999999999998084
0.004999999999997738
0.005000000000004638
0.0049999999999974015
0.005000000000004683
0.0050000000000015735
0.005000000000002229
0.005000000000003262
0.005000000000004648
0.005000000000005341
0.005000000000002926
0.005000000000003615
0.004999999999997744
0.005000000000003273
0.005000000000002927
0.005000000000002924
0.005000000000002233
0.005000000000004648
0.005000000000001583
0.0050000000000005465
0.0050000000000015666
0.004999999999997399
0.005000000000001889
0.005000000000002925
0.005000000000001888
0.005000000000002575
0.005000000000002924
0.004999999999998437
0.005000000000002233
0.005000000000001545
0.005000000000000164
0.004999999999997406
0.004999999999997437
0.0050000000000005465
0.005000000000001197
0.005000000000000508
0.00499999999999809
0.004999999999998438
0.005000000000000508
0.004999999999998781
0.004999999999998092
0.005000000000000533
0.004999999999998782
0.005000000000001197
0.004999999999999472
0.004999999999998435
0.004999999999998128
0.004999999999999163
0.005000000000000162
0.005000000000000162
0.0049999999999987815
0.004999999999999818
0.005000000000000156
0.005000000000000156
0.004999999999999811
0.004999999999999812
0.004999999999999811
0.0049999999999997494
0.005000000000000005
0.004999999999999625
