|Ax-x| =  8.666880700021554e-13

real    0m2,381s
user    0m3,013s
sys     0m1,145s
0.1
0.004999999999968244
0.004999999999923205
0.005000000000116656
0.004999999999919875
0.004999999999822196
0.00499999999987222
0.005000000000067208
0.004999999999980953
0.00499999999992175
0.005000000000149603
0.005000000000142696
0.005000000000106497
0.004999999999849577
0.004999999999908234
0.005000000000051532
0.005000000000042909
0.005000000000008882
0.005000000000069292
0.004999999999977826
0.00499999999985871
0.004999999999838328
0.005000000000047175
0.004999999999929795
0.005000000000002304
0.005000000000100553
0.005000000000083299
0.00499999999985029
0.005000000000002175
0.005000000000127908
0.004999999999970827
0.005000000000133073
0.005000000000115812
0.004999999999985455
0.004999999999947477
0.004999999999899153
0.0050000000001304366
0.005000000000007339
0.004999999999938285
0.005000000000076374
0.005000000000002157
0.005000000000007558
0.005000000000135287
0.004999999999891914
0.00500000000010767
0.005000000000116688
0.005000000000070083
0.005000000000044194
0.0050000000000148545
0.005000000000024159
0.0049999999999102325
0.0049999999999206
0.00500000000009147
0.004999999999991496
0.004999999999886218
0.005000000000120949
0.005000000000081251
0.005000000000023284
0.005000000000102685
0.005000000000014655
0.004999999999880022
0.0049999999998915495
0.004999999999876012
0.005000000000039988
0.004999999999894998
0.004999999999922525
0.004999999999915617
0.005000000000081319
0.004999999999974307
0.005000000000078879
0.004999999999983949
0.004999999999942519
0.0050000000001030435
0.004999999999987972
0.005000000000050102
0.005000000000057016
0.004999999999974169
0.005000000000001637
0.005000000000034356
0.005000000000067145
0.005000000000011914
0.004999999999950707
0.004999999999897196
0.0050000000000197465
0.00499999999996624
0.005000000000023093
0.004999999999947143
0.004999999999910897
0.005000000000028272
0.004999999999918299
0.00500000000004603
0.004999999999954546
0.005000000000025318
0.004999999999950815
0.005000000000038841
0.004999999999931833
0.005000000000081996
0.005000000000090775
0.004999999999957981
0.005000000000063154
0.004999999999971677
0.005000000000031503
0.004999999999998706
0.004999999999998708
0.004999999999972817
0.005000000000045088
0.004999999999972597
0.005000000000067529
0.004999999999913909
0.005000000000024377
0.00500000000000021
0.005000000000010567
0.005000000000057169
0.004999999999986406
0.005000000000012294
0.0050000000000243764
0.004999999999938072
0.005000000000031281
0.004999999999946702
0.005000000000014157
0.004999999999941526
0.004999999999963964
0.0050000000000226495
0.004999999999941525
0.005000000000058897
0.004999999999979497
0.004999999999960508
0.005000000000000213
0.004999999999996756
0.005000000000041635
0.004999999999989853
0.005000000000029552
0.004999999999977773
0.0049999999999864
0.004999999999982948
0.004999999999950152
0.005000000000062346
0.005000000000027827
0.005000000000008841
0.00499999999995706
0.005000000000019328
0.005000000000036457
0.005000000000026098
0.004999999999958785
0.0049999999999794965
0.004999999999953606
0.005000000000036457
0.005000000000001932
0.005000000000027826
0.005000000000027823
0.004999999999988123
0.004999999999958781
0.00499999999995706
0.004999999999963965
0.005000000000029554
0.004999999999993301
0.005000000000038181
0.004999999999963962
0.004999999999976043
0.005000000000019199
0.0050000000000140175
0.005000000000029687
0.005000000000026101
0.00500000000000884
0.004999999999967416
0.005000000000003659
0.0049999999999864
0.00499999999998295
0.004999999999993307
0.005000000000010567
0.005000000000017471
0.005000000000012291
0.004999999999979499
0.0050000000000191966
0.005000000000014019
0.00500000000000366
0.004999999999988127
0.005000000000012291
0.004999999999982949
0.005000000000000211
0.0049999999999846756
0.004999999999996756
0.005000000000015876
0.004999999999996755
0.005000000000005386
0.005000000000012293
0.004999999999993306
0.005000000000001931
0.004999999999998484
0.004999999999989852
0.005000000000003661
0.004999999999993304
0.004999999999998481
0.005000000000001939
0.00500000000000539
0.005000000000003665
0.005000000000000213
0.005000000000003665
0.005000000000003773
0.00500000000000665
0.005000000000002425
