|Ax-x| =  9.726344388556178e-15

real    0m0,220s
user    0m0,314s
sys     0m0,289s
0.5
0.020000000000000094
0.019999999999999424
0.019999999999997842
0.01999999999999741
0.019999999999997402
0.020000000000000167
0.019999999999999917
0.02000000000000084
0.019999999999997863
0.019999999999998862
0.020000000000003973
0.019999999999999903
0.02000000000000069
0.020000000000000687
0.020000000000000014
0.020000000000003088
0.020000000000001766
0.019999999999999067
0.019999999999998727
0.020000000000002145
0.020000000000002932
0.020000000000000535
0.020000000000000902
0.019999999999999185
0.019999999999998474
0.02000000000000151
0.020000000000000163
0.019999999999999147
0.019999999999998706
0.020000000000000746
0.019999999999999043
0.020000000000001104
0.01999999999999873
0.02000000000000143
0.019999999999999758
0.020000000000001458
0.020000000000000767
0.020000000000000098
0.01999999999999978
0.019999999999999095
0.019999999999999105
0.02000000000000012
0.020000000000000805
0.01999999999999911
0.019999999999999782
0.020000000000000125
0.019999999999999102
0.019999999999999185
0.01999999999999998
0.02000000000000012
