|Ax-x| =  3.1959407147777364e-15

real    0m0,212s
user    0m0,264s
sys     0m0,278s
0.9
0.019999999999998547
0.01999999999999929
0.02000000000000014
0.020000000000000306
0.020000000000000406
0.01999999999999989
0.019999999999999022
0.020000000000000857
0.019999999999999286
0.020000000000000174
0.019999999999999643
0.020000000000000403
0.01999999999999939
0.019999999999999532
0.019999999999999764
0.020000000000000278
0.02000000000000035
0.01999999999999963
0.019999999999999227
0.019999999999999796
0.019999999999999428
0.019999999999999823
0.020000000000000327
0.019999999999999754
0.020000000000000216
0.020000000000000406
0.020000000000000642
0.02000000000000021
0.02000000000000035
0.01999999999999978
0.020000000000000337
0.020000000000000812
0.020000000000000347
0.020000000000000163
0.01999999999999997
0.019999999999999973
0.019999999999999876
0.020000000000000157
0.019999999999999973
0.020000000000000354
0.019999999999999782
0.020000000000000163
0.020000000000000333
0.020000000000000333
0.020000000000000056
0.020000000000000056
0.020000000000000066
0.02000000000000016
0.019999999999999966
0.020000000000000063
