|Ax-x| =  1.1477556641814598e-13

real    0m0,242s
user    0m0,388s
sys     0m0,347s
0.1
0.020000000000026892
0.02000000000001407
0.019999999999971655
0.019999999999968387
0.019999999999993037
0.019999999999967363
0.020000000000011547
0.020000000000030212
0.019999999999978483
0.019999999999975003
0.0199999999999819
0.020000000000027756
0.01999999999999709
0.02000000000000055
0.01999999999996482
0.019999999999998817
0.020000000000012796
0.01999999999998219
0.020000000000012782
0.01999999999999067
0.02000000000000796
0.019999999999977383
0.020000000000014513
0.019999999999973702
0.020000000000005812
0.020000000000016012
0.0200000000000129
0.019999999999982004
0.020000000000014673
0.02000000000000618
0.01999999999998577
0.02000000000000117
0.02000000000001696
0.020000000000011866
0.020000000000015273
0.01999999999999322
0.020000000000006974
0.019999999999998318
0.02000000000001192
0.02000000000001362
0.02000000000000852
0.020000000000011914
0.01999999999999491
0.020000000000000025
0.020000000000002405
0.020000000000000705
0.0200000000000024
0.02000000000000072
0.020000000000002925
0.02000000000000273
