|Ax-x| =  1.1211716579895055e-15

real    0m0,508s
user    0m0,643s
sys     0m0,751s
0.5
0.005298566143092974
0.005325326578159383
0.005352496611721351
0.005380086800441608
0.005408108085860385
0.005436571812628455
0.005465489747801733
0.005494874101284588
0.005524737547487172
0.005555093248297786
0.005585954877454822
0.005617336646429245
0.0056492533319203965
0.0056817203050923614
0.005714753562680142
0.005748369760107618
0.005782586246774857
0.005817421103683172
0.005852893183583829
0.0058890221538526735
0.005925828542314352
0.005963333786253051
0.006001560284882848
0.006040531455563948
0.0060802717940872985
0.006120806939381393
0.006162163743025748
0.006204370344005337
0.006247456249172104
0.006291452419941011
0.006336391365797576
0.0063823072452598995
0.006429235975004431
0.006477215347952285
0.006526285161194413
0.006576487354741922
0.006627866162200933
0.006680468274599364
0.006734343018749416
0.006789542551689787
0.0068461220729538795
0.006904140056623154
0.006963658505387088
0.007024743229118545
0.007087464150807055
0.007151895643087195
0.007218116899041711
0.007286212341485362
0.007356272075538221
0.0074283923900042076
0.007502676313904339
0.007579234235474744
0.007658184592094264
0.007739654640946383
0.007823781321826054
0.007910712225402102
0.008000606682508812
0.008093636992770598
0.008189989814113145
0.008289867738675433
0.008393491085408985
0.008501099945478216
0.008612956523708247
0.00872934782808277
0.008850588770139401
0.008977025752569964
0.009109040837166519
0.009247056607426751
0.009391541866917597
0.00954301834864224
0.009702068654452896
0.009869345700219329
0.010045584016294622
0.010231613349929745
0.010428375145120697
0.01063694264802309
0.010858545619856979
0.011094600959419013
0.011346750981224021
0.011616911718872192
0.011907334511844036
0.012220685420050463
0.012560148903940806
0.01292956504817422
0.013333613955929741
0.01377806775446079
0.014270141602834298
0.01481899320294338
0.015436451253065949
0.016138108128205333
0.01694501353461559
0.017886403175427557
0.01900430337389184
0.020361753614884074
0.0220585664161244
0.024264423057736823
0.027297475939953974
0.031847055263279606
0.03980881907909953
0.059713228618650194
