|Ax-x| =  6.766366692185315e-16

real    0m0,657s
user    0m1,137s
sys     0m1,052s
0.6
0.004475768728246989
0.004502894599327043
0.004530463341771855
0.0045584868263601214
0.004586977369025049
0.004615947752408185
0.004645411248700143
0.004675381643853155
0.004705873263269581
0.004736900999071291
0.004768480339065052
0.004800627397530862
0.004833358947968305
0.004866692457954514
0.004900646126265694
0.0049352389224511396
0.004970490629040182
0.00500642188659939
0.0050430542418671955
0.005080410199214311
0.005118513275708567
0.005157388060080928
0.005197060275927636
0.005237556849506411
0.005278905982528851
0.005321137230389033
0.0053642815863112195
0.0054083715719518985
0.00545344133505171
0.005499526754784511
0.005546665555539622
0.005594897429935763
0.0056442641719645715
0.005694809821265778
0.005746580819640942
0.005799626181052972
0.005853997676500338
0.005909750035324186
0.005966941164698345
0.00602563238926903
0.006085888713161831
0.006147779106854924
0.006211376821753383
0.006276759735666695
0.0063440107328345185
0.00641321812264722
0.006484476101787686
0.00655788526520423
0.006633553172110426
0.006711594974135309
0.006792134113824829
0.006875303102973768
0.006961244391760919
0.007050111341442915
0.007142069315461834
0.007237296906334653
0.007335987318693773
0.007438349932442922
0.007544612074334936
0.007655021031520381
0.007769846346993141
0.007889382444639314
0.008013951641133497
0.00814390761369247
0.008279639407253951
0.00842157608280695
0.008570192131326954
0.00872601380644211
0.008889626565312857
0.009061683853673652
0.009242917530747272
0.009434150307245417
0.009636310670972146
0.009850450908104838
0.010077769005984156
0.010319635462127802
0.010577626348681025
0.010853564427342262
0.01114957072990616
0.011468129893617745
0.011812173790426251
0.012185189804860738
0.012591362798356218
0.01303576383829805
0.013524604982234368
0.014065589181523667
0.014668400146446109
0.015345403230128295
0.016112673391634642
0.016991546485723864
0.018011039274867243
0.019211775226524952
0.02065265836851452
0.02242288622867281
0.02466517485154007
0.027624995833724922
0.03176874520878364
0.038122494250540435
0.04955924252570252
0.07929478804112372
