|Ax-x| =  3.931510231706538e-16

real    0m0,504s
user    0m0,638s
sys     0m0,704s
0.7
0.003718894064785667
0.00374518927534491
0.0037719406273115648
0.0037991608174057275
0.003826863031699162
0.0038550609698275533
0.0038837688706667064
0.003913001539585702
0.003942774377386841
0.003973103411059115
0.004004005326478433
0.004035497503203565
0.004067598051524522
0.004100325851939053
0.004133700597245498
0.004167742837458133
0.004202474027770385
0.00423791657981168
0.004274093916468687
0.004311030530561607
0.004348752047703969
0.004387285293696372
0.004426658366844918
0.004466900715634417
0.004508043222225754
0.004550118292299869
0.004593159951821518
0.004637203951359624
0.004682287878664526
0.0047284512802851265
0.004775735793088056
0.004824185286641034
0.004873846017532996
0.004924766796820635
0.004976999171938392
0.0050305976245592805
0.005085619786077941
0.0051421266725898505
0.005200182941473979
0.005259857171949931
0.005321222172289269
0.0053843553167062744
0.005449338915356177
0.005516260621334299
0.005585213879100905
0.005656298419380413
0.005729620806298315
0.005805295043362645
0.0058834432458693955
0.005964196388459794
0.006047695137898222
0.006134090782725388
0.006223546273306743
0.006316237388015601
0.006412354043920137
0.006512101773492295
0.006615703392615998
0.00672340088970507
0.006835457571200171
0.006952160505342603
0.007073823314186098
0.007200789373671512
0.007333435493712854
0.007472176165215503
0.007617468479539101
0.007769817849129905
0.00792978468720025
0.008097992241171137
0.008275135821446795
0.008461993727092288
0.008659440247391199
0.008868461218879894
0.009090172749351894
0.009325843894705527
0.009576924307255218
0.009845078187858345
0.010132226301670967
0.010440598406504345
0.010772799264893163
0.011131892573722959
0.01152150881380319
0.01194598545431178
0.01241055155531278
0.012921574266413893
0.013486893140569535
0.01411628148712945
0.014822095561485988
0.015620208399412108
0.016531387222711094
0.017583384591429076
0.01881422151282915
0.020277549852715775
0.02205183546482843
0.024257019011311297
0.027087004562630915
0.03087918520139934
0.03628304261164411
0.04474908588769444
0.06041126594838756
0.1026991521122589
