|Ax-x| =  4.0320334521030427e-16

real    0m0,539s
user    0m0,747s
sys     0m0,716s
0.8
0.0030380168804969906
0.003062566511854634
0.0030875670548086466
0.003113031525363765
0.003138973454741738
0.0031654069154132733
0.00319234654873597
0.0032198075943163902
0.0032478059212236133
0.003276358061190377
0.003305481243956516
0.0033351934349133672
0.003365513375230845
0.003396460624658194
0.0034280556072131905
0.003460319659986996
0.003493275085320125
0.003526945206624483
0.003561354428152485
0.0035965282990478033
0.0036324935820382875
0.0036692783271729005
0.0037069119510413197
0.0037454253219612347
0.0037848508516660625
0.003825222594083834
0.003866576351857761
0.003908949791330092
0.003952382566789429
0.003996916454865816
0.004042595500064309
0.004089466172528893
0.004137577539264443
0.004186981450181141
0.004237732740486289
0.004289889451138465
0.004343513069277696
0.004398668790792314
0.004455425807447646
0.004513857621315891
0.004574042389600055
0.004636063303357405
0.004700009004093328
0.004765974042747219
0.004834059386215098
0.0049043729772872725
0.004977030354728643
0.005052155341215062
0.00512988080800298
0.005210349526559889
0.005293715118984841
0.005380143120927456
0.0054698121729429144
0.005562915358865348
0.005659661712932552
0.005760277921162486
0.005865010247001842
0.005974126716713437
0.006087919606555642
0.006206708281805477
0.006330842447441655
0.006460705882260891
0.006596720742940121
0.006739352542787409
0.0068891159326271755
0.007046581439658661
0.00721238335588587
0.007387229012998289
0.007571909738323232
0.007767313860602558
0.007974442230218636
0.008194426843466012
0.00842855332470793
0.008678288238032635
0.008945312491510536
0.009231562491238878
0.00953928124094684
0.009871082327588451
0.010230030775864452
0.010619746233992559
0.011044536083352305
0.011509569181598643
0.01202110558966976
0.012586804676242465
0.013216144910054526
0.013921005971924066
0.014716492027462688
0.01562212230607575
0.016663597126480818
0.017875495099315717
0.01930553470726111
0.021021582236795348
0.023123740460474818
0.02576645365595777
0.02920198081008543
0.03387429773969912
0.04064915728763886
0.051488932564342504
0.07208450559007964
0.12975211006214346
