|Ax-x| =  2.836591693686155e-15

real    0m0,641s
user    0m0,923s
sys     0m1,168s
0.2
0.00804397750199889
0.008060227961598672
0.008076677406418525
0.008093330349524532
0.008110191454419654
0.00812726554169148
0.008144557596035103
0.00816207277366192
0.008179816410126408
0.008197794028610548
0.008216011348673707
0.00823447429552433
0.008253189009833135
0.008272161858130666
0.008291399443847209
0.008310908619009285
0.008330696496674594
0.00835077046413574
0.008371138196974973
0.008391807674004713
0.00841278719318963
0.00843408538861548
0.008455711248585839
0.008477674134946477
0.008499983803722865
0.00852265042719881
0.008545684617542957
0.00856909745211201
0.008592900500589314
0.008617105854112803
0.008641726156552957
0.008666774638165578
0.008692265151807332
0.008718212211962123
0.008744631036846846
0.008771537593882942
0.008798948648864048
0.008826881819178121
0.00885535563149785
0.008884389584387989
0.008914004216336537
0.00894422117978116
0.00897506332178106
0.00900655477203243
0.009038721039075468
0.009071589115581154
0.009105187593786968
0.009139546792254243
0.00917469889530109
0.00921067810665541
0.00924752081908223
0.009285265802016779
0.009323954409525654
0.009363630811268077
0.009404342249577861
0.009446139326242732
0.009489076323180438
0.009533211561892803
0.009578607807425185
0.00962533272355938
0.009673459387177083
0.009723066871214044
0.009774240907378226
0.009827074642012601
0.009881669501134954
0.00993813618399864
0.0099965958086103
0.010057181237753399
0.010120038620489429
0.01018532919223455
0.010253231386849332
0.010323943327448517
0.010397685779787334
0.010474705674452366
0.010555280333486659
0.010639722576154533
0.010728386930955694
0.010821677252094479
0.010920056136204451
0.01102405667083514
0.011134297237543335
0.011251500366359598
0.011376517037097024
0.011510358414003885
0.011654237894179098
0.011809627732767941
0.011978336700379077
0.012162618803461811
0.012365329116852838
0.012590153282613854
0.012841956348265977
0.013127333156005352
0.013455516484905445
0.013839959813045592
0.014301291806813806
0.014873343479086323
0.015617010653040633
0.016658144696576685
0.018323959166234374
0.021988750999482956
