|Ax-x| =  1.6674250573728097e-15

real    0m0,553s
user    0m0,771s
sys     0m0,863s
0.3
0.007094309358025126
0.007115807265170905
0.007137590348635522
0.007159665370332638
0.007182039324614605
0.007204719448797716
0.007227713234272656
0.007251028438253955
0.007274673096205035
0.007298655534983699
0.00732298438676691
0.007347668603801146
0.0073727174740413105
0.007398140637744684
0.007423948105085914
0.007450150274868757
0.007476757954421651
0.007503782380762759
0.007531235243131619
0.0075591287069951005
0.0075874754396463
0.0076162886375184995
0.0076455820553548185
0.007675370037388717
0.007705667550694404
0.007736490220897057
0.007767854370441179
0.007799777059634765
0.007832276130716586
0.007865370255212962
0.007899078984877699
0.007933422806551288
0.00796842320128615
0.008004102708157322
0.008040484993194465
0.008077594923932375
0.008115458650138178
0.008154103691329097
0.00819355903177116
0.008233855223730917
0.008275024499849733
0.008317100895611275
0.008360120383002545
0.008404121016597026
0.008449143093472099
0.008495229328527242
0.008542425047018952
0.008590778396341838
0.008640340579397481
0.008691166112217347
0.008743313108890734
0.008796843597312922
0.008851823869795779
0.008908324873220025
0.008966422644132548
0.009026198795093131
0.009087741059605336
0.009151143904207357
0.009216509217808625
0.009283947090134073
0.00935357669331031
0.009425527283258493
0.009499939340757995
0.009576965875953344
0.009656773924919655
0.00973954627284744
0.009825483445843297
0.009914806022623584
0.010007757329085718
0.01010460659356081
0.010205652659496408
0.010311228376663439
0.010421705823556417
0.010537502554929187
0.010659089122870788
0.010786998192345023
0.010921835669749594
0.01106429439587671
0.011215171137638586
0.011375387868176393
0.011546018686198908
0.011728324244402039
0.011923796315142168
0.012134216250115258
0.012361732804804914
0.012608967460900901
0.012879159620777467
0.013176370996641484
0.013505780271557547
0.013874119733509108
0.014290343325514387
0.014766688103031514
0.015320438906895217
0.015977029145762198
0.016775880603050266
0.017782433439233292
0.019116115947175816
0.021027727541893367
0.02418188667317739
0.03143645267513175
