|Ax-x| =  3.2076791448413843e-16

real    0m0,481s
user    0m0,661s
sys     0m0,683s
0.9
0.0024400431060499776
0.0024622253161049545
0.002484837589416109
0.00250789278354475
0.002531404278390486
0.0025553860031331103
0.002579852464865193
0.002604818779041392
0.0026303007018798077
0.002656314664865401
0.0026828778115140987
0.0027100080365743233
0.0027377240278574555
0.0027660453109043383
0.00279499229671609
0.0028245863327989603
0.0028548497577931824
0.0028858059599861743
0.0029174794400348278
0.002949895878257388
0.0029830822068877983
0.003017066687725778
0.0030518789956610233
0.0030875503085973613
0.003124113404357087
0.003161602765209355
0.003200054690732163
0.0032395074197959926
0.003280001262543402
0.0033215787433362692
0.003364284755750555
0.003408166730825551
0.003453274819909996
0.0034996620936103093
0.0035473847585231833
0.003596502393641195
0.0036470782085517564
0.003699179325816814
0.0037528770902237997
0.0038082474079484336
0.003865371119067631
0.003924334407324646
0.003985229251576196
0.004048153923969488
0.0041132135406047295
0.004180520671269172
0.004250196015790351
0.004322369155681084
0.0043971793910678545
0.004474776674439673
0.004555322654579598
0.004638991846194347
0.004725972943310452
0.004816470297544115
0.004910705585974266
0.005008919697693812
0.005111374873328391
0.005218357138119043
0.005330179076793004
0.005447183007746971
0.005569744625421306
0.005698277193700233
0.005833236390393165
0.005975125924213494
0.0061245040723188465
0.006281991319892734
0.0064482793254193645
0.006624141488839885
0.006810445468213501
0.007008168078580972
0.007218413120938428
0.0074424328384847735
0.007681653894007507
0.007937709023807723
0.008212475874631862
0.008508125006118594
0.008827179693848091
0.009172591073172531
0.009547833435256885
0.009957026296767917
0.010405092480122436
0.010897965281812473
0.011442863545903065
0.012048662204215565
0.012726399453202687
0.01348998342039485
0.014357196640277427
0.015351156407681227
0.016502493138257295
0.017852697122296552
0.019459439863303216
0.021405383849633548
0.02381348953271725
0.0268752239012096
0.030906507486391014
0.03646967883394147
0.04467535657157815
0.05807796354305172
0.08421304713742478
0.1600047895611071
