|Ax-x| =  7.240610899196724e-16

real    0m0,495s
user    0m0,655s
sys     0m0,735s
0.4
0.00617545047074117
0.006200401785774326
0.0062257095481653
0.006251382577229721
0.006277430004634924
0.006303861288864974
0.006330686230519539
0.006357914988500428
0.00638555809714609
0.006413626484386409
0.006442131490983431
0.006471084890943123
0.006500498913174588
0.006530386264499539
0.006560760154101836
0.006591634319532881
0.006623023054387685
0.006654941237782601
0.0066874043657719024
0.006720428584861859
0.0067540307277861615
0.006788228351724345
0.006823039779169005
0.006858484141658354
0.006894581426614446
0.006931352527556273
0.006968819297975433
0.007007004609197316
0.007045932412581653
0.007085627806455575
0.007126117108206722
0.007167427932022342
0.00720958927279882
0.00725263159681569
0.007296586939826587
0.007341489013302505
0.007387373319635734
0.007434277277220675
0.007482240356428397
0.007531304227618129
0.007581512922468993
0.007632913010078911
0.007685553789458855
0.007739487500262077
0.007794769553835334
0.007851458786954108
0.0079096177409314
0.007969312969165043
0.008030615376620125
0.008093600595260406
0.00815834940002235
0.008224948170634794
0.008293489405390035
0.008364072293946517
0.008436803357372282
0.00851179716499329
0.00858917713922048
0.008669076461445884
0.008751639094412133
0.008837020939235496
0.008925391148627733
0.009016933621947146
0.009111848712704502
0.009210355185274108
0.0093126924651107
0.009419123236140485
0.009529936450683252
0.009645450831903683
0.009766018967302488
0.009892032115267667
0.01002392587680457
0.010162186923381219
0.010307361022286665
0.010460062667061204
0.010620986708092974
0.01079092249542248
0.010970771203679425
0.011161567224613093
0.01136450481051509
0.011580971568810655
0.011812591000186782
0.012061277126506618
0.012329305507095606
0.01261940681314494
0.012934891983473489
0.013279822436366152
0.013659245934548115
0.014079530424841854
0.014548848105669896
0.015077897127694303
0.01568101301280201
0.016377946924482148
0.01719684427070622
0.01817952108617512
0.019391489158586878
0.020942808291273877
0.023037089120401175
0.026108701003121324
0.031330441203745535
0.043862617685243785
