|Ax-x| =  5.398530529150901e-15

real    0m0,526s
user    0m0,720s
sys     0m0,743s
0.1
0.009015011701773757
0.009024117774199605
0.009033326057643397
0.00904263876491951
0.009052058180298538
0.00906158666259538
0.009071226648404616
0.009080980655554039
0.009090851286700546
0.009100841233171222
0.009110953278985768
0.009121190305140936
0.009131555294124486
0.00914205133469379
0.009152681626941725
0.009163449487680225
0.00917435835611709
0.009185411799919494
0.009196613521626965
0.00920796736548212
0.00921947732468627
0.009231147549150215
0.009242982353698921
0.009254986226885567
0.009267163840343502
0.009279520058796328
0.00929205995076654
0.009304788800016254
0.009317712117793022
0.009330835655986353
0.009344165421210407
0.009357707689936975
0.00937146902477407
0.009385456291976239
0.009399676680295949
0.009414137721344142
0.009428847311533027
0.009443813735837098
0.009459045693475767
0.009474552325760067
0.009490343246302905
0.009506428573839015
0.009522818967930885
0.009539525667876523
0.009556560535139027
0.009573936099748947
0.009591665611045424
0.009609763093328949
0.009628243406970636
0.00964712231561228
0.009666416560242511
0.009686143940979277
0.009706323407521132
0.009726975159453541
0.009748120757626428
0.00976978324819834
0.009791987301035128
0.009814759364525846
0.009838127839202727
0.009862123272957185
0.009886778581139656
0.009912129295450992
0.009938213846227143
0.009965073883650283
0.009992754644437987
0.010021305371994034
0.0100507797995579
0.01008123670804162
0.010112740572754358
0.010145362316537827
0.010179180190925691
0.010214280812274464
0.010250760386602917
0.010288726165813035
0.010328298189527744
0.0103696113822864
0.010412818096378914
0.010458091218537021
0.010505627996803006
0.01055565479678791
0.010608433070772012
0.010664266929039238
0.010723512856422469
0.010786592343813572
0.010854008545961925
0.010926368602935147
0.011004414092956084
0.01108906343213291
0.011181472294067137
0.011283122042195051
0.011395953262617052
0.011522574965534965
0.011666607152604135
0.011833272969070038
0.012030494185221069
0.012271104068925578
0.012577881670648664
0.012997144393003639
0.01364700161265383
0.015011701773919622
