|Ax-x| =  7.065471965178328e-16

real    0m2,347s
user    0m2,406s
sys     0m0,625s
0.6
0.002175350032316739
0.002181908876635143
0.0021885207217158214
0.0021951862670612724
0.0022019062250213956
0.0022086813210986296
0.002215512294256528
0.002222399897243849
0.002229344896922821
0.0022363480746094336
0.0022434102264240305
0.0022505321636507197
0.002257714713109376
0.002264958717536282
0.002272265035980014
0.0022796345442046883
0.0022870681351098167
0.0022945667191592617
0.0023021312248268934
0.002309762599052864
0.0023174618077164474
0.0023252298361221297
0.0023330676895022585
0.002340976393534629
0.002348956994876138
0.002357010561715679
0.002365138184342274
0.0023733409757330367
0.00238162007216013
0.002389976633816666
0.0023984118454654373
0.0024069269171061833
0.0024155230846672968
0.0024242016107200452
0.002432963785216616
0.002441810926253565
0.0024507443808620484
0.00245976552582218
0.0024688757685104013
0.0024780765477719117
0.0024873693348261266
0.0024967556342029044
0.0025062369847124763
0.0025158149604502
0.0025254911718365102
0.002535267266695335
0.0025451449313705996
0.0025551258918859268
0.002565211915143286
0.0025754048101704076
0.0025857064294111188
0.002596118670066475
0.002606643475485577
0.002617282836609978
0.0026280387934727663
0.002638913436756178
0.0026499089094091997
0.0026610274083298992
0.0026722711861115436
0.002683642552861018
0.0026951438780874657
0.0027067775926692727
0.0027185461908981663
0.0027304522326101516
0.0027424983454010896
0.0027546872269361717
0.002767021647355361
0.002779504451779491
0.002792138562923956
0.0028049269838227252
0.0028178728006712913
0.002830979185790561
0.002844249400724083
0.002857686799467622
0.0028712948318460143
0.002885077047038903
0.0028990370972664546
0.0029131787416433945
0.0029275058502088785
0.0029420224081437925
0.0029567325201845327
0.0029716404152442485
0.0029867504512539776
0.0030020671202347885
0.003017595053615288
0.003033339027808022
0.0030493039700596825
0.003065494964590935
0.0030819172590441537
0.003098576271255184
0.0031154775963710326
0.0031326270143328555
0.003150030497745769
0.0031676942201630605
0.0031856245648054335
0.0032038281337471984
0.003222311757595772
0.0032410825056981667
0.0032601476969082994
0.003279514910949294
0.0032991920004149765
0.0033191871034477126
0.0033395086571423502
0.0033601654117226126
0.0033811664455458738
0.0034025211809914366
0.003424239401295689
0.003446331268400786
0.0034688073418903953
0.0034916785990896358
0.003514956456416855
0.003538652792078085
0.003562779970205945
0.0035873508665521703
0.0036123788958537387
0.0036378780410008596
0.0036638628841509538
0.003690348639939941
0.003717351190963887
0.0037448871257118065
0.0037729737791545918
0.003801629276211538
0.0038308725783361875
0.003860723533492102
0.003891202929809086
0.003922332553247569
0.00395413524962535
0.003986634991402956
0.004019856949664774
0.00405382757177452
0.0040885746652468725
0.004124127488423016
0.004160516848614899
0.004197775208453308
0.00423593680125744
0.004275037756345893
0.004315116235311642
0.004356212580409836
0.004398369476349292
0.004441632126936378
0.004486048448205792
0.004531669279882324
0.004578548617260545
0.004626743865863228
0.00467631612156881
0.004727330479258754
0.004779856373472732
0.004833967955059295
0.004889744508386856
0.004947270914367844
0.0050066381653402865
0.005067943938793368
0.005131293238028372
0.0051967991091521415
0.005264583445358397
0.005334777891296537
0.005407524862541439
0.005482978697832771
0.0055613069649446956
0.005642691944919389
0.0057273323240932825
0.0058154451290793035
0.005907267946906845
0.006003061481181085
0.006103112505867392
0.0062077372916821945
0.006317285596829591
0.006432145334953688
0.00655274805998422
0.0066795754417902425
0.0068131669506260855
0.006954129025466667
0.007103146076012316
0.007260993766590447
0.007428555161204052
0.007606840485072948
0.007797011497199731
0.008000411797126745
0.00821860484613924
0.00845342212745746
0.008707024791281232
0.008981983468900598
0.009281382917864022
0.009608961138494467
0.009969297181188042
0.010368069068435576
0.010812414885654266
0.011311449418838203
0.0118770218897802
0.012524859447404564
0.013276351014248811
0.014161441081865362
0.015223549163005385
0.016528424805548683
0.018181267286103538
0.02036301936043596
0.02341747226450125
0.028100966717401525
0.036531256732622044
0.05845001077219534
