|Ax-x| =  2.4131040574556776e-15

real    0m2,386s
user    0m2,639s
sys     0m0,913s
0.3
0.0035288928492686537
0.0035342127882374056
0.0035395676560981094
0.0035449578606511095
0.003550383816560385
0.003555845945508432
0.0035613446763520483
0.0035668804452790312
0.003572453695974995
0.003578064879790748
0.0035837144559163364
0.003589402891561063
0.0035951306621326375
0.003600898251429749
0.003606706151835611
0.003612554864513978
0.0036184448996196984
0.003624376776504128
0.003630351023937706
0.0036363681803312778
0.0036424287939649746
0.0036485334232289534
0.0036546826368632993
0.0036608770142139207
0.003667117145487813
0.0036734036320231348
0.003679737086561342
0.003686118133532166
0.003692547409346297
0.003699025562696138
0.0037055532548656055
0.003712131160052111
0.0037187599656948412
0.0037254403728189354
0.003732173096384145
0.0037389588656502356
0.00374579842455063
0.003752692532080475
0.0037596419626956304
0.0037666475067252734
0.003773709970800876
0.0037808301782927033
0.003788008969770392
0.0037952472034709374
0.003802545755784866
0.0038099055217640796
0.0038173274156375926
0.003824812371354373
0.0038323613431399534
0.0038399753060735873
0.003847655256685667
0.0038554022135784045
0.003863217218065241
0.003871101334836659
0.003879055652648071
0.0038870812850327905
0.0038951793710434294
0.003903351076017634
0.003911597592375257
0.003919920140444243
0.0039283199693167315
0.003936798357739648
0.003945356615039066
0.003953996082079307
0.003962718132260193
0.003971524172554145
0.003980415644582218
0.003989394025735588
0.003998460830339403
0.004007617610866846
0.0040168659591995485
0.004026207507942248
0.0040356439317888815
0.004045176948950248
0.004054808322638505
0.004064539862612706
0.004074373426796667
0.004084310922959466
0.00409435431047485
0.004104505602154153
0.004114766866158843
0.004125140228006895
0.00413562787265411
0.004146232046686622
0.004156955060600405
0.004167799291193236
0.00417876718406491
0.0041898612562351265
0.004201084098885604
0.0042124383802340125
0.00422392684854341
0.0042355523352829655
0.004247317758436315
0.004259226125983118
0.004271280539547328
0.004283484198232082
0.004295840402649754
0.004308352559162336
0.00432102418433638
0.004333858909636589
0.004346860486365445
0.0043600327908693256
0.004373379830025149
0.004386905747025273
0.004400614827484763
0.004414511505887188
0.004428600372395642
0.0044428861800483695
0.004457373852374674
0.004472068491448172
0.004486975386419907
0.004502100022553784
0.00451744809081253
0.004533025498022388
0.004548838377666258
0.004564893101352585
0.0045811962909999004
0.00459775483181095
0.004614575886073669
0.004631666907873914
0.004649035658778535
0.004666690224571329
0.0046846390331272665
0.004702890873516133
0.004721454916437918
0.004740340736103787
0.004759558333682409
0.004779118162451108
0.004799031154794545
0.004819308751223349
0.004839962931585596
0.004861006248679581
0.004882451864482508
0.004904313589248719
0.004926605923745486
0.004949344104932158
0.0049725441554238775
0.004996222937116164
0.005020398209392819
0.0050450886923895915
0.0050703141358516115
0.005096095394169578
0.005122454508277318
0.005149414795162927
0.005177000945851344
0.005205239132828697
0.00523415712801105
0.00526378443250937
0.005294152419619843
0.005325294492676519
0.005357246259632428
0.005390045726528239
0.005423733512319119
0.005458353087929622
0.0054939510428508856
0.0055305773831365946
0.005568285865294229
0.005607134371331242
0.005647185331126561
0.005688506199402984
0.0057311699958984795
0.005775255918943896
0.005820850044619779
0.005868046126062574
0.005916946510446563
0.005967663194821718
0.006020319046540813
0.006075049219691116
0.006132002806125797
0.006191344768765629
0.00625325821645332
0.0063179470945545916
0.006385639384853442
0.006456590933573911
0.00653109005973059
0.006609463140447443
0.006692081429702898
0.00677936944835123
0.006871815395374205
0.006969984186736694
0.007074533949537803
0.007186237117161999
0.007306007735781403
0.007434937284059934
0.007574342358135995
0.00772582920529883
0.007891382688269439
0.008073491519537193
0.00827532880752562
0.008501019593185402
0.008756050180980978
0.009047918520346995
0.00938721546486002
0.009789524699068306
0.010279000934021714
0.010895740990062998
0.011712921564317708
0.012884213720749523
0.014816845778861946
0.019261899512522176
