|Ax-x| =  9.24806445793021e-15

real    0m2,298s
user    0m2,463s
sys     0m0,776s
0.1
0.004504020081583143
0.0045062834082592994
0.00450855930896752
0.004510847917756043
0.004513149370773696
0.004515463806348455
0.004517791365011615
0.004520132189554938
0.004522486425069038
0.00452485421900866
0.004527235721230159
0.0045296310840450835
0.004532040462282706
0.00453446401333081
0.004536901897208213
0.004539354276613462
0.004541821316981917
0.00454430318655188
0.004546800056435721
0.004549312100663588
0.004551839496277361
0.004554382423368318
0.004556941065180445
0.004559515608154733
0.00456210624202413
0.004564713159876735
0.004567336558243187
0.004569976637179458
0.004572633600339554
0.004575307655076739
0.00457799901252211
0.004580707887678548
0.004583434499515584
0.004586179071069619
0.004588941829547626
0.0045917230064152935
0.004594522837515978
0.004597341563184161
0.004600179428343687
0.004603036682648827
0.004605913580575722
0.004608810381570035
0.004611727350166086
0.004614664756120536
0.004617622874554228
0.004620601986085897
0.00462360237698714
0.004626624339324756
0.004629668171127532
0.004632734176537345
0.004635822665988815
0.004638933956369676
0.004642068371205352
0.004645226240843141
0.0046484079026533846
0.004651613701206897
0.004654843988499338
0.004658099124155399
0.004661379475652001
0.0046646854185416
0.004668017336698829
0.004671375622552121
0.004674760677350721
0.004678172911423347
0.00468161274444416
0.004685080605737677
0.0046885769345478044
0.0046921021803634725
0.004695656803226784
0.004699241274068887
0.004702856075048945
0.004706501699913713
0.004710178654366292
0.004713887456456563
0.00471762863697711
0.004721402739888273
0.004725210322741711
0.0047290519571497784
0.004732928229247485
0.004736839740180491
0.004740787106629616
0.004744770961341845
0.0047487919536815994
0.004752850750223622
0.004756948035352811
0.004761084511904541
0.004765260901827916
0.004769477946873765
0.004773736409325437
0.004778037072758913
0.004782380742824315
0.00478676824809357
0.004791200440914742
0.004795678198336458
0.004800202423052001
0.004804774044407306
0.0048093940194500594
0.0048140633340318555
0.004818783003967211
0.004823554076247711
0.004828377630324719
0.004833254779446818
0.004838186672077865
0.004843174493390228
0.0048482194668202855
0.004853322855732577
0.004858485965154293
0.0048637101436100495
0.004868996785071713
0.004874347330989685
0.004879763272467922
0.004885246152549967
0.004890797568631996
0.004896419175032963
0.004902112685701292
0.004907879877096187
0.004913722591235581
0.004919642738935598
0.004925642303251159
0.004931723343132299
0.004937887997311259
0.004944138488446694
0.004950477127534335
0.0049569063186092836
0.004963428563766042
0.004970046468517084
0.004976762747528894
0.004983580230744147
0.004990501869953828
0.004997530745826964
0.005004670075463135
0.005011923220500647
0.0050192936958253385
0.005026785178953024
0.005034401520133401
0.00504214675324133
0.005050025107543295
0.005058041020412145
0.005066199151091026
0.005074504395600338
0.0050829619029261405
0.005091577092592519
0.005100355673786594
0.005109303666197206
0.00511842742274321
0.005127733654420807
0.00513722945748506
0.0051469223432538255
0.005156820270836808
0.005166931683133011
0.005177265546498673
0.0051878313945533105
0.005198639376625057
0.005209700311468758
0.005221025746928636
0.0052326280263661675
0.0052445203627901355
0.005256716921773155
0.005269232914443593
0.005282084702040376
0.0052952899137954845
0.005308867580240893
0.005322838284399084
0.005337224333816676
0.005352049956966
0.005367341528271681
0.00538312782688453
0.0053994403354507
0.005416313586499049
0.005433785565810058
0.005451898184362907
0.0054706978332744885
0.005490236039821777
0.005510570247377004
0.005531764748328274
0.005553891807321549
0.005577033023185406
0.005601280992851494
0.005626741361000686
0.005653535367481851
0.005681803044319213
0.00571170727086824
0.005743438977928563
0.005777223913092933
0.005813331562549636
0.005852087106300048
0.005893887728487916
0.0059392253263992195
0.0059887188707860315
0.006043161769611268
0.00610359338730747
0.0061714110916108456
0.00624855373025597
0.006337818783545383
0.006443449096604465
0.006572318078536532
0.0067366260304999315
0.006961180231516619
0.007309239243092434
0.008040163167396726
