|Ax-x| =  5.863625968531719e-16

real    0m2,264s
user    0m2,358s
sys     0m0,682s
0.8
0.0014236190495677536
0.0014293421412243559
0.001435117260986919
0.0014409451483411674
0.001446826557109837
0.001452762255805738
0.0014587530279946235
0.0014647996726702666
0.0014709030046397367
0.001477063854920881
0.0014832830711522282
0.0014895615180141645
0.0014959000776653484
0.0015022996501900465
0.0015087611540618737
0.001515285526619977
0.0015218737245618142
0.001528526724450626
0.0015352455232393967
0.0015420311388117584
0.0015488846105398476
0.0015558069998606039
0.0015627993908712665
0.0015698628909429405
0.0015769986313563867
0.0015842077679568633
0.0015914914818325446
0.001598850980014374
0.001606287496200448
0.0016138022915044112
0.0016213966552290388
0.0016290719056680802
0.0016368293909331305
0.0016446704898118584
0.0016525966126543236
0.0016606092022913913
0.0016687097349855657
0.001676899721414934
0.0016851807076935178
0.0016935542764274115
0.0017020220478095418
0.0017105856807544464
0.0017192468740747774
0.001728007367700631
0.0017368689439452429
0.0017458334288171615
0.0017549026933824827
0.001764078655177967
0.001773363279678869
0.0017827585818229004
0.0017922666275925973
0.0018018895356602081
0.0018116294790962249
0.0018214886871456841
0.0018314694470752725
0.0018415741060936386
0.0018518050733497002
0.0018621648220117735
0.0018726558914316145
0.001883280889397146
0.0018940424944794195
0.0019049434584764422
0.0019159866089603235
0.001927174851932392
0.0019385111745908014
0.0019499986482180117
0.0019616404311924504
0.001973439772131908
0.0019854000131752252
0.0019975245934083304
0.002009817052444665
0.0020222810341653102
0.0020349202906287693
0.002047738686160308
0.002060740201627995
0.0020739289389184452
0.002087309125621088
0.0021008851199340642
0.0021146614158025438
0.002128642648303631
0.0021428335992923816
0.002157239203321275
0.002171864553852237
0.002186714909775984
0.0022017957022571833
0.002217112541925135
0.0022326712264297893
0.0022484777483868907
0.002264538303732487
0.0022808593005161065
0.0022974473681562583
0.0023143093671886016
0.002331452399538162
0.00234888381934777
0.002366611244399471
0.002384642568166276
0.0024029859725367875
0.0024216499412555463
0.002440643274128153
0.0024599751020420407
0.002479654902858332
0.002499692518235015
0.0025200981714450874
0.0025408824862611055
0.002562056506979931
0.002583631719670334
0.0026056200747313725
0.0026280340108580536
0.0026508864805176655
0.0026741909770497266
0.002697961563512417
0.0027222129034091443
0.0027469602934401204
0.002772219698437218
0.002798007788655301
0.002824341979607359
0.0028512404746512342
0.0028787223105514485
0.0029068074062641577
0.0029355166152149324
0.002964871781367094
0.0029948957994062105
0.0030256126794001802
0.003057047616328934
0.0030892270649219423
0.003122178820281127
0.0031559321048246418
0.0031905176621377504
0.0032259678583837436
0.0032623167919993735
0.003299600412479355
0.0033378566491458006
0.0033771255509004575
0.0034174494380753585
0.0034588730676278186
0.0035014438130755512
0.003545211860738964
0.003590230424050011
0.0036365559779086374
0.0036842485153238745
0.003733371828861559
0.003783993819761303
0.003836186837964933
0.00389002805674342
0.003945599886125421
0.004002990429923664
0.004062293991848401
0.004123611637008389
0.004187051816039282
0.004252731060212475
0.004320774757175842
0.004391318018517513
0.004464506652159474
0.004540498254749435
0.004619463441788546
0.0047015872363092084
0.0047870706406056935
0.004876132419965898
0.004969011132727102
0.0050659674475120545
0.0051672867964622825
0.005273282423056362
0.005384298895120675
0.005500716168528763
0.005622954305607218
0.00575147897544962
0.005886807892519003
0.0060295183868830675
0.0061802563465551035
0.006339746832917935
0.0065088067484623865
0.00668836003807512
0.006879456039162978
0.007083291773656678
0.00730123921284615
0.007534878867657205
0.0077860414965790666
0.008056860331242748
0.008349837070560666
0.008667926101820106
0.009014643145892925
0.009394207067825237
0.00981172738195084
0.010273455729336725
0.010787128515803678
0.01136244203664637
0.012011724438740535
0.012750907481124518
0.013600967979866214
0.014590129287492825
0.01575733963049221
0.017157992042091553
0.01887379124630071
0.021030795960163606
0.023834902088185447
0.02764848642229505
0.03317818370675411
0.0420256993618886
0.058835979106644065
0.10590476239195967
