|Ax-x| =  1.2239186402369758e-15

real    0m2,277s
user    0m2,383s
sys     0m0,741s
0.4
0.003057341971568806
0.0030634873825664713
0.0030696762459659532
0.003075909091135362
0.0030821864566275394
0.0030885088903846803
0.0030948769499525666
0.003101291202698419
0.0031077522260372897
0.003114260607662439
0.0031208169457840403
0.0031274218493728715
0.003134075938414321
0.0031407798441647353
0.0031475342094211896
0.0031543396887928872
0.003161196948985784
0.0031681066690929065
0.003175069540893236
0.003182086269160208
0.0031891575719804927
0.0031962841810801003
0.0032034668421612746
0.00321070631525075
0.0032180033750582437
0.0032253588113440924
0.003232773429300946
0.003240248049946699
0.00324778351052835
0.0032553806649385365
0.003263040384150451
0.0032707635566570337
0.0032785510889351537
0.0032864039059145107
0.003294322951470825
0.0033023091889289005
0.0033103636015848993
0.003318487193245205
0.0033266809887842943
0.003334946034718941
0.0033432833998057973
0.0033516941756544503
0.003360179477364678
0.0033687404441861027
0.0033773782401969456
0.003386094055010287
0.0033948891045038516
0.0034037646315743845
0.003412721906920625
0.003421762229852945
0.0034308869291325775
0.003440097363841591
0.0034493949242844937
0.003458781032921986
0.0034682571453408914
0.0034778247512591235
0.0034874853755681653
0.003497240579415788
0.0035070919613296335
0.003517041158383186
0.0035270898474070913
0.0035372397462486347
0.003547492615078209
0.0035578502577500192
0.003568314523213903
0.0035788873069867106
0.003589570552678907
0.003600366253589315
0.003611276454357572
0.0036223032526916652
0.0036334488011615356
0.003644715309072261
0.0036561050444128378
0.0036676203358912314
0.003679263575053034
0.0036910372184931596
0.0037029437901655777
0.00371498588379225
0.0037271661653784953
0.0037394873758423318
0.003751952333762089
0.0037645639382451576
0.0037773251719343025
0.003790239104145918
0.003803308894160265
0.0038165377946617154
0.003829929155344577
0.0038434864266911712
0.003857213163929088
0.0038711130311866416
0.00388518980584555
0.003899447383114568
0.0039138897808297865
0.003928521144496654
0.003943345752588734
0.003958368022122707
0.003973592514515331
0.003989023941756236
0.004004667172900355
0.004020527240911932
0.004036609349875514
0.004052918882602128
0.004069461408653764
0.004086242692813227
0.004103268704032956
0.004120545624892251
0.0041380798615939275
0.004155878054546893
0.004173947089566795
0.004192294109740748
0.004210926528006318
0.004229852040491532
0.004249078640675755
0.004268614634425818
0.004288468655981462
0.0043086496849507015
0.0043291670644028165
0.0043500305201348965
0.004371250181208853
0.004392836601856652
0.0044148007848660124
0.004437154206561552
0.0044599088435181835
0.0044830772011468425
0.004506672344310799
0.004530707930147172
0.004555198243283097
0.004580158233657081
0.0046056035571776
0.004631550619471473
0.004658016623011383
0.004685019617927363
0.004712578556856249
0.0047407133542107065
0.004769444950296894
0.004798795380760167
0.004828787851889934
0.0048594468223780735
0.004890798092199962
0.004922868899361879
0.0049556880253576316
0.004989285910275365
0.00502369477862202
0.005058948777068514
0.005095084125476205
0.00513213928275237
0.005170155129291218
0.005209175168002868
0.005249245746218265
0.005290416301090631
0.00533273963149931
0.005376272199919713
0.00542107446825234
0.0054672112722374405
0.005514752239822229
0.0055637722597317
0.005614352007547432
0.005666578537850226
0.005720545952496469
0.005776356156911039
0.005834119718480134
0.005893956843797884
0.005955998494785186
0.006020387667701846
0.006087280864009651
0.006156849788169776
0.006229283315089379
0.006304789779514666
0.006383599651758598
0.006465968679523299
0.006552181595250212
0.0066425565138054045
0.006737450178288316
0.006837264255003714
0.006942452935849866
0.007053532182823546
0.007171091052537345
0.007295805679538044
0.007428456691893148
0.007569951105072021
0.007721350127173447
0.007883904866692925
0.008059102752619509
0.00824872869973993
0.00845494691723344
0.00868041216835964
0.008928423944598496
0.009203144681355375
0.009509916170733887
0.009855731304215076
0.010249960556383712
0.010705514358889641
0.011240790076834116
0.011883120938367587
0.012675329000925373
0.013689355320999396
0.015058290853099301
0.017066062966845878
0.020479275560215036
0.02867098578430135
