|Ax-x| =  9.293245736062619e-16

real    0m2,249s
user    0m2,377s
sys     0m0,666s
0.5
0.0026038121738146346
0.002610354415457547
0.002616946219537103
0.002623588215018107
0.0026302810420970233
0.0026370253524617827
0.0026438218095555847
0.0026506710888548612
0.0026575738781486687
0.0026645308778297946
0.0026715428011924542
0.002678610374740552
0.002685734338503406
0.0026929154463602276
0.0027001544663772087
0.002707452181151384
0.002714809388165201
0.002722226900154865
0.0027297055454849647
0.002737246168538661
0.002744849630118117
0.0027525168078558425
0.0027602485966417554
0.0027680459090617397
0.0027759096758488188
0.0027838408463513385
0.0027918403890131475
0.00279990929187171
0.002808048563068923
0.0028162592313822187
0.0028245423467683074
0.0028328989809304904
0.0028413302278974847
0.0028498372046277714
0.002858421051629804
0.002867082933604212
0.0028758240401091308
0.002884645586244635
0.0028935488133624747
0.0029025349898015316
0.0029116054116445985
0.0029207614035051542
0.002930004319339158
0.002939335543286044
0.0029487564905401236
0.0029582686082515724
0.0029678733764600964
0.0029775723090630026
0.0029873669548163523
0.0029972588983754205
0.0030072497613701046
0.003017341203522251
0.0030275349238045334
0.003037832661640561
0.0030482361981530974
0.003058747357456996
0.003069368008003749
0.00308010006397584
0.003090945486736216
0.0031019062863346485
0.003112984523071497
0.003124182309125677
0.003135501810245705
0.003146945247509483
0.003158514899154465
0.0031702131024848278
0.0031820422558523865
0.003194004820724044
0.003206103323832844
0.003218340359419941
0.0032307185915716116
0.003243240756655052
0.003255909665860888
0.0032687282078522977
0.00328169935153431
0.0032948261489404783
0.0033081117382507234
0.0033215593469427835
0.0033351722950859353
0.0033489539987847585
0.0033629079737795818
0.003377037839215799
0.0033913473215853064
0.0034058402588569773
0.0034205206048003884
0.0034353924335168966
0.0034504599441901812
0.0034657274660672005
0.00348119946368341
0.003496880542348665
0.003512775453904899
0.0035288891027760276
0.003545226552325852
0.0035617930315423535
0.003578593942068506
0.003595634865602146
0.0036129215716868023
0.0036304600259183147
0.003648256398594336
0.0036663170738348958
0.003684648659204134
0.0037032579958667542
0.0037221521693151403
0.0037413385207032976
0.0037608246588318956
0.0037806184728257563
0.0038007281455535113
0.0038211621678414286
0.0038419293535363005
0.003863038855478766
0.0038845001824537218
0.0039063232171865645
0.003928518235465975
0.003951095926474441
0.003974067414419124
0.003997444281562617
0.004021238592762463
0.004045462921634643
0.004070130378473686
0.004095254640069379
0.004120849981569795
0.0041469313105669614
0.004173514203583548
0.004200614945165188
0.004228250569804359
0.004256438906936566
0.00428519862928054
0.004314549304823736
0.004344511452773808
0.0043751066038496935
0.00440635736530575
0.004438287491141217
0.004470921957987925
0.004504287047226656
0.004538410433948068
0.004573321283440013
0.004609050355966768
0.004645630120696735
0.0046830948797346
0.004721480903339091
0.004760826577533427
0.004801172565478715
0.004842561984146607
0.004885040598042567
0.004928657031953729
0.004973463004971555
0.005019513588350812
0.005066867490127774
0.005115587369840458
0.0051657401871919514
0.005217397589063859
0.005270636339972601
0.005325538801847322
0.005382193469952105
0.005440695572886331
0.005501147745918401
0.005563660788485704
0.00562835451858433
0.005695358739043609
0.005764814333422269
0.005836874512590006
0.005911706237110418
0.00598949184549349
0.006070430924486643
0.006154742465104478
0.006242667357463068
0.006334471289190574
0.006430448126905522
0.006530923878888488
0.006636261360805898
0.006746865716819487
0.00686319098779907
0.006985747969724118
0.007115113672867032
0.007251942781960705
0.007396981637599831
0.007551085421716622
0.0077152394526234114
0.007890585803819433
0.008078456894386604
0.008280418316746203
0.008498324061923787
0.008734388619199398
0.008991282402117051
0.009272259977183162
0.009581335309755988
0.009923525856532982
0.010305199927938071
0.010734583258268874
0.011222518860917402
0.011783644803963277
0.012438291737516843
0.013215684971111578
0.014159662469048156
0.015339634341468844
0.01687359777561581
0.018982797497567667
0.022146597080495642
0.027683246350619545
0.04152486952592916
