|Ax-x| =  3.8890711259948983e-16

real    0m2,246s
user    0m2,387s
sys     0m0,798s
0.9
0.0011130226370150546
0.0011180564077351363
0.001123138482315797
0.0011282695718289257
0.0011334504014954444
0.0011386817110408218
0.0011439642550611635
0.0011492988034007832
0.0011546861415417523
0.0011601270710044824
0.0011656224097618645
0.0011711729926655078
0.0011767796718857447
0.0011824433173653506
0.0011881648172881116
0.0011939450785614092
0.0011997850273152534
0.001205685609416779
0.0012116477910018074
0.001217672559023376
0.0012237609218185045
0.0012299139096935497
0.0012361325755291168
0.001242417995404642
0.0012487712692448338
0.0012551935214865776
0.0012616859017701583
0.0012682495856522421
0.0012748857753445866
0.0012815957004779538
0.001288380618892316
0.0012952418174544168
0.00130218061290507
0.0013091983527350785
0.0013162964160932855
0.001323476214726525
0.0013307391939537006
0.001338086833674876
0.0013455206494175857
0.0013530421934204802
0.0013606530557584888
0.0013683548655080535
0.0013761492919571647
0.0013840380458601143
0.001392022880740102
0.0014001055942411337
0.0014082880295321393
0.001416572076764687
0.001424959674587652
0.001433452811720928
0.0014420535285912502
0.0014507639190324323
0.001459586132053571
0.0014685223736783872
0.001477574908858574
0.0014867460634652998
0.0014960382263619805
0.0015054538515628544
0.001514995460481194
0.0015246656442715538
0.0015344670662703777
0.0015444024645412274
0.0015544746545273643
0.0015646865318198328
0.0015750410750451694
0.001585541348878784
0.0015961905071921328
0.001606991796338552
0.0016179485585863245
0.00162906423570638
0.0016403423727227836
0.0016517866218348433
0.0016634007465196143
0.0016751886258256543
0.0016871542588672835
0.0016993017695311123
0.0017116354114067426
0.0017241595729536223
0.0017368787829180061
0.0017497977160140991
0.0017629211988842198
0.001776254216354751
0.0017898019180049623
0.0018035696250665095
0.001817562837674771
0.0018317872424913572
0.0018462487207215742
0.0018609533565502956
0.0018759074460225733
0.0018911175063957692
0.0019065902859935248
0.0019223327745934893
0.0019383522143817883
0.001954656111512046
0.001971252248307987
0.0019881486961505408
0.0020053538290980533
0.002022876338284317
0.002040725247151528
0.0020589099275717527
0.002077440116919817
0.00209632593616456
0.0021155779090477325
0.002135206982430601
0.0021552245478909508
0.0021756424646603785
0.0021964730840029313
0.002217729275138419
0.002239424452830036
0.002261572606759074
0.0022841883328266854
0.002307286866529408
0.002330884118573489
0.0023549967129035424
0.00237964202734091
0.002404838237042185
0.0024306043610104536
0.00245696031191295
0.0024839269494828036
0.0025115261378103513
0.002539780806860717
0.0025687150185844075
0.0025983540380296313
0.002628724409902717
0.002659854041072615
0.0026917722895655016
0.002724510060654802
0.0027580999107176822
0.0027925761596016415
0.0028279750123290045
0.0028643346910589415
0.0029016955783336116
0.002940100372752723
0.0029795942583568566
0.0030202250891526623
0.0030620435903870747
0.0031051035783769016
0.003149462200925154
0.0031951802006160266
0.00324232220357586
0.0032909570366295164
0.003341158076171316
0.0033930036325257435
0.0034465773740919195
0.0035019687961755446
0.0035592737401129275
0.003618594969114821
0.003680042808213034
0.003743735856816709
0.003809801783701672
0.0038783782158083634
0.003949613734057871
0.004023668991571418
0.004100717972261112
0.004180949410848835
0.004264568399065813
0.004351798207228538
0.0044428823557519466
0.004538086977660886
0.004637703521072923
0.0047420518502970955
0.0048514838160731615
0.00496638738013801
0.0050871913974927414
0.005214371182430071
0.005348455012835515
0.005490031763175173
0.005639759902170939
0.0057983781494193925
0.0059667181602090355
0.006145719705015349
0.006336448937239941
0.0065401205102226705
0.006758124527230067
0.006992059607018788
0.0072437737528714685
0.00751541526860416
0.0078094967356365005
0.008128976147548882
0.008477360839586702
0.00885884207736817
0.009278471438927717
0.009742395010873994
0.010258168864390892
0.010835190863012848
0.011485302314793689
0.012223643177887522
0.013069895397895109
0.014050137552737253
0.015199694261597585
0.016567666745141353
0.018224433419655583
0.020274682179366642
0.0228814270309996
0.026313641085649563
0.03105009648106651
0.03803636818930639
0.04944727864609839
0.07169855403684261
0.13622725267000085
