|Ax-x| =  5.727556347044283e-16

real    0m2,251s
user    0m2,383s
sys     0m0,668s
0.7
0.0017795657053500003
0.0017858254842130542
0.001792139008652235
0.0017985070152819803
0.0018049302546222004
0.0018114094914336745
0.0018179455050625292
0.0018245390897959506
0.0018311910552274238
0.0018379022266340847
0.0018446734453637498
0.0018515055692354821
0.001858399472950737
0.0018653560485178728
0.0018723762056898016
0.0018794608724140194
0.0018866109952981821
0.0018938275400889487
0.0019011114921662466
0.0019084638570531461
0.0019158856609415272
0.0019233779512357898
0.0019309417971114153
0.0019385782900943071
0.0019462885446572004
0.0019540736988358965
0.0019619349148655937
0.0019698733798390365
0.0019778903063849564
0.0019859869333701185
0.001994164526625179
0.0020024243796941755
0.0020107678146093896
0.0020191961826946845
0.002027710865392737
0.0020363132751248
0.0020450048561770373
0.0020537870856207276
0.00206266147426241
0.002071629567628702
0.002080692946987173
0.0020898532304015043
0.002099112073827274
0.00210847117224567
0.0021179322608391215
0.0021274971162106152
0.002137167557648012
0.0021469454484345602
0.0021568326972101893
0.002166831259382755
0.0021769431385931627
0.0021871703882376157
0.002197515113046842
0.0022079794707280573
0.0022185656736698907
0.002229275990715203
0.0022401127490032963
0.002251078335886649
0.002262175200922623
0.002273405857948583
0.0022847728872381953
0.002296278937749553
0.0023079267294626874
0.0023197190558176726
0.002331658786252014
0.0023437488688474164
0.002355992333087725
0.0023683922927355016
0.0023809519488332885
0.0023936745928346942
0.002406563609873023
0.0024196224821747075
0.0024328547926240635
0.0024462642284890043
0.00245985458531386
0.002473629770991645
0.00248759381002143
0.002501750847964596
0.002516105156108795
0.0025306611363506443
0.002545423326312671
0.0025603964047027105
0.0025755851969340325
0.002590994681018331
0.0026066299937485935
0.0026224964371887576
0.0026385994854872864
0.002654944792034598
0.002671538196984738
0.002688385735163958
0.002705493644387719
0.002722868374214059
0.0027405165951580332
0.0027584452083974573
0.002776661356000015
0.00279517243170676
0.0028139860923046905
0.0028331102696310634
0.0028525531832461815
0.0028723233538231886
0.0028924296172998976
0.002912881139846411
0.00293368743370258
0.0029548583739457046
0.0029764042162557292
0.0029983356157439398
0.0030206636469250524
0.0030433998249125454
0.0030665561279282594
0.003090145021220027
0.0031141794824962356
0.00313867302898769
0.003163639746263729
0.003189094318934873
0.003215052063391264
0.003241528962736902
0.0032685417040930207
0.003296107718464891
0.003324245223378566
0.003352973268518921
0.0033823117846184477
0.003412281635874599
0.0034429046761964843
0.003474203809616485
0.003506203055231376
0.0035389276170801507
0.0035724039594039318
0.0036066598877817356
0.0036417246366907225
0.00367762896409476
0.003714405253735712
0.003752087625875077
0.0037907120573178496
0.0038303165116481334
0.003870941080711007
0.003912628138503317
0.003955422508768216
0.00399937164775445
0.004044525843777462
0.004090938435427453
0.004138666050507356
0.004187768868055834
0.004238310906118512
0.00429036033829891
0.004343989842527699
0.004399276985977964
0.004456304650611083
0.004515161504487052
0.0045759425247397945
0.004638749579000881
0.004703692073106965
0.00477088767415128
0.004840463119399349
0.004912555123305291
0.004987311396920797
0.00506489179642847
0.005145469620462608
0.005229233079400274
0.005316386964057007
0.005407154546370179
0.005501779750931649
0.005600529643897043
0.005703697295232033
0.005811605081898561
0.005924608514046611
0.006043100684327554
0.006167517463122543
0.006298343591128128
0.006436119857184093
0.006581451595894669
0.006735018799798945
0.006897588219104344
0.007070027924582033
0.007253324944848953
0.007448606770287156
0.0076571677598553205
0.007880501819517617
0.008120343179242095
0.008378717734945277
0.008658008326110118
0.00896103861752395
0.009291182145537986
0.0096525058956423
0.010049962020756928
0.01048964785916506
0.010979164759259412
0.011528122997222405
0.012148868081688169
0.012857552053120091
0.013675759911045767
0.014633063104819115
0.015771190235193883
0.017151169380773174
0.018866286318850675
0.021067353056049933
0.024016782483896926
0.028219719418578818
0.03480432061624729
0.04698583283193381
0.07987591581428753
