|Ax-x| =  3.64808707195011e-15

real    0m2,292s
user    0m2,494s
sys     0m0,890s
0.2
0.004012604803494179
0.004016637572140899
0.004020694781809111
0.004024776705444828
0.004028883620450655
0.004033015808779361
0.004037173557036344
0.0040413571565764425
0.004045566903615526
0.004049803099326213
0.004054066049956057
0.004058356066940547
0.004062673467011755
0.004067018572324349
0.004071391710573742
0.004075793215126135
0.004080223425142483
0.004084682685716322
0.0040891713480087945
0.004093689769387593
0.00409823831357511
0.0041028173507976365
0.004107427257932827
0.0041120684186771155
0.0041167412236980585
0.004121446070810327
0.0041261833651446206
0.004130953519324576
0.0041357569536487025
0.004140594096284583
0.00414546538345698
0.004150371259650544
0.004155312177816253
0.004160288599586501
0.004165300995489649
0.004170349845181217
0.004175435637674991
0.004180558871586667
0.004185720055378352
0.0041909197076216145
0.004196158357255925
0.004201436543868716
0.00420675481797504
0.004212113741309775
0.004217513887132675
0.004222955840535151
0.0042284401987687115
0.004233967571578291
0.00423953858154079
0.004245153864429819
0.004250814069582928
0.0042565198602800836
0.004262271914145192
0.004268070923552898
0.004273917596050437
0.0042798126548033305
0.004285756839046452
0.0042917509045551664
0.00429779562413973
0.004303891788145186
0.0043100402049854845
0.004316241701683433
0.004322497124439645
0.0043288073392199955
0.004335173232365383
0.004341595711227828
0.0043480757048275625
0.004354614164533507
0.004361212064782888
0.004367870403812739
0.0043745902044348235
0.004381372514828952
0.004388218409383315
0.004395128989555494
0.004402105384776999
0.004409148753392566
0.004416260283640165
0.004423441194670368
0.004430692737612344
0.004438016196682721
0.004445412890344549
0.004452884172512485
0.004460431433822004
0.004468056102939662
0.004475759647944578
0.004483543577767273
0.0044914094436931
0.004499358840938315
0.004507393410297721
0.00451551483986565
0.0045237248668474886
0.004532025279446912
0.0045404179188535555
0.004548904681318628
0.004557487520339786
0.0045661684489501165
0.0045749495421209055
0.004583832939290172
0.004592820847014139
0.004601915541760805
0.004611119372844006
0.0046204347655168405
0.004629864224221553
0.004639410336024776
0.0046490757742239765
0.004658863302170392
0.004668775777280996
0.004678816155296932
0.004688987494765124
0.004699292961786276
0.004709735835034775
0.004720319511068228
0.004731047509957472
0.004741923481244329
0.004752951210270954
0.004764134624882926
0.004775477802561797
0.00478698497798924
0.004798660551106195
0.004810509095676957
0.00482253536841633
0.004834744318716213
0.004847141099020388
0.004859731075901165
0.004872519841890186
0.004885513228135132
0.004898717317940669
0.004912138461277936
0.00492578329033704
0.0049396587362251455
0.004953772046900357
0.004968130806456365
0.004982742955887137
0.004997616815456927
0.005012761108836898
0.005028184989172014
0.005043898067263081
0.005059910442079759
0.005076232733828621
0.005092876119840942
0.005109852373573682
0.005127173907043824
0.005144853817067814
0.005162905935724231
0.00518134488549464
0.005200186139623904
0.005219446088288801
0.005239142111263666
0.005259292657845568
0.005279917334935187
0.005301037004275001
0.005322673890006336
0.005344851697881615
0.005367595747659921
0.00539093312047561
0.005414892823233321
0.00543950597243004
0.005464806000208503
0.005490828885924081
0.005517613417074795
0.005545201484160241
0.0055736384148482
0.005602973353873683
0.005633259696327056
0.005664555583528831
0.005696924472577463
0.005730435793004503
0.005765165706901609
0.005801197992569472
0.005838625076392793
0.005877549243568545
0.0059180840659381695
0.005960356094980499
0.006004506880869129
0.006050695395337516
0.0060991009585001
0.006149926799821016
0.006203404424167304
0.006259799009841465
0.006319416143268572
0.006382610304701287
0.006449795676329619
0.006521460072733387
0.00659818313241252
0.006680660421567703
0.006769735893855309
0.006866446406624664
0.00697208404364961
0.007088285444377145
0.007217163361547668
0.007361506628778578
0.007525095664973646
0.007713223056598009
0.007933600858215097
0.008198054220155593
0.008525976388961791
0.008952275208409912
0.009549093555637229
0.010504002911200967
0.012604803493439409
