|Ax-x| =  3.7040713232715137e-16

real    0m0,238s
user    0m0,271s
sys     0m0,383s
0.8
0.006580782283912273
0.006688223627323211
0.006799694021111899
0.0069154334938116456
0.0070357019023997115
0.007160781047331259
0.007290977066373685
0.0074266231513294145
0.007568082639926234
0.007715752545095487
0.007870067595997355
0.00803150488001782
0.008200589193281486
0.008377899229892868
0.00856407476833498
0.008759825048753975
0.008965938579312919
0.00918329466608421
0.009412877032736258
0.009655789988419834
0.009913277721444324
0.010186747451691102
0.010477797378882214
0.010788250634552805
0.011120196807923678
0.01147604310577725
0.011858577875969795
0.012271050149916562
0.012717270155368103
0.01320173758985834
0.013729807093452657
0.014307904234229528
0.01494381108908423
0.015647049257982368
0.016429401720881438
0.017305636479328465
0.018294529992432938
0.019420347222736545
0.02071503703758557
0.022221585185773773
0.023999312000635518
0.026132584178469812
0.028745842596316847
0.03203108175018156
0.03630189265020583
0.0421101954742387
0.05053223456908645
0.06400749712084272
0.08961049596918014
0.16129889274452416
