|Ax-x| =  3.485430306489835e-15

real    0m0,186s
user    0m0,221s
sys     0m0,255s
0.1
0.018056081280109326
0.01809293042557947
0.018130624030631638
0.018169199826440555
0.018208698086934722
0.018249161860460213
0.018290637228325527
0.018333173593972643
0.018376824007291286
0.01842164552925961
0.01846769964308422
0.01851505271909109
0.018563776542037874
0.018613948911068157
0.018665654324711255
0.01871898476563869
0.01877404060318507
0.018830931635315247
0.01888977829667674
0.01895071306537432
0.019013882108925538
0.01907944721964746
0.0191475881025741
0.01921850509554623
0.019292422422836044
0.019369592112528367
0.019450298746330898
0.01953486526261836
0.01962366010472165
0.019717106105220088
0.019815691635746015
0.01991998474961814
0.020030651331560855
0.02014847869233505
0.020274406684162197
0.020409569395389574
0.020555352033928484
0.020713470126497022
0.020886082377551192
0.021075955853710675
0.021286715412247612
0.02152323447238369
0.0217922749032886
0.022103593116192605
0.022471986334796076
0.022921426061491834
0.023494461713029213
0.024277610436796923
0.025491490958636717
0.02804064005450101
