|Ax-x| =  3.0885873398356454e-16

real    0m0,165s
user    0m0,213s
sys     0m0,308s
0.7
0.007871345509106342
0.007983793302093638
0.008100223621082401
0.008220865249481471
0.008345965372843227
0.008475791500865268
0.008610633638378891
0.008750806744120024
0.008896653523188702
0.009048547607730979
0.009206897190866186
0.009372149191727908
0.009544794045259746
0.00972537122989978
0.009914475670481147
0.010112765183890806
0.010320969172970944
0.010539898822094574
0.010770459108827832
0.011013663024188474
0.01127064849475288
0.011542698630833128
0.011831266096603904
0.012138002625034429
0.012464795003400767
0.012813809263495969
0.013187545367014568
0.013588905443401985
0.014021279707510229
0.014488655697760575
0.014995758647182243
0.01554823396576257
0.016152887508875623
0.01681800640629989
0.017553794186575496
0.018372971248615675
0.019291619811046493
0.02033039933933354
0.021516339300794735
0.022885560892663363
0.024487550155149942
0.026392137389439352
0.028701449411015215
0.03157159435211689
0.03525494702653042
0.04019063961024467
0.04722400154203759
0.0582429352351796
0.0786279625674925
0.13366753636473735
