|Ax-x| =  5.115758060326158e-16

real    0m0,261s
user    0m0,410s
sys     0m0,454s
0.5
0.010864714327777112
0.01097557875969346
0.011089907705106958
0.01120788544665068
0.011329710288461962
0.011455595958333996
0.01158577318513313
0.011720491477983421
0.011860021138435796
0.012004655542562774
0.012154713736844947
0.012310543400137887
0.012472524234350172
0.012641071859138693
0.012816642301626859
0.012999737191649994
0.013190909797409523
0.013390772067067182
0.013600002880615148
0.01381935776578643
0.014049680395216249
0.014291916264099064
0.01454712905452954
0.014816520333317151
0.015101453416650151
0.015403482484983109
0.01572438837008701
0.016066222899871446
0.01643136432941402
0.01682258728963812
0.017243151971879117
0.017696919129033706
0.018188500215951434
0.018723456104655867
0.019308564107926342
0.01995218291152384
0.020664760872649846
0.021459559367751596
0.022353707674741298
0.02336978529632057
0.024538274561136424
0.0259015120367552
0.027520356539052323
0.029486096291841873
0.03194327098282865
0.035137598081111554
0.03952979784125056
0.046118097481458925
0.05764762185182362
0.08647143277773545
