|Ax-x| =  1.989829911366421e-15

real    0m0,200s
user    0m0,204s
sys     0m0,289s
0.2
0.01615364047732984
0.016219573703769034
0.016287155260867294
0.016356462304530712
0.01642757735802859
0.016500588812953586
0.01657559148937575
0.01665268726374465
0.0167319857745248
0.016813605217327193
0.01689767324341382
0.01698432797799549
0.017073719177879244
0.017166009551813563
0.017261376271546832
0.017360012707383774
0.017462130429191626
0.01756796152270202
0.017677761282218867
0.017791811355007646
0.017910423430707503
0.01803394359229896
0.018162757475100478
0.018297296419360724
0.0184380448533558
0.018585549212183087
0.018740428788951057
0.018903389039289606
0.019075238030555747
0.019256906964180278
0.01944947603382203
0.01965420736049352
0.01987258744227732
0.0201063825886566
0.02035771237101514
0.020629148535961792
0.020923850657904378
0.021245756052641205
0.021599851986851906
0.021992576568431035
0.022432428099799468
0.0229309265020175
0.02350419966456791
0.02417574822641256
0.024981606500626502
0.025980870760651392
0.027279914298684003
0.02909857525192964
0.03200843277712261
0.0384101193325459
