|Ax-x| =  5.308593967449971e-16

real    0m0,289s
user    0m0,469s
sys     0m0,529s
0.4
0.012539332577108219
0.012641694475696711
0.01274704192966071
0.012855527392892065
0.012967314587612876
0.0130825796061693
0.01320151214804363
0.013324316912211524
0.013451215168518306
0.01358244653601615
0.013718271001376237
0.013858971216775035
0.014004855124319874
0.01415625896350182
0.01431355072976294
0.014477134166674356
0.014647453392164828
0.014824998281766644
0.015010310760288826
0.01520399218945378
0.015406712085313265
0.015619218458903981
0.015842350151173898
0.01607705163489492
0.01632439089081631
0.01658558114506943
0.016862007497487348
0.017155259801791292
0.017467173616369392
0.0177998816852527
0.01815587931895764
0.018538108357251584
0.018950066320746077
0.0193959502341752
0.01988084899002978
0.02041100496309711
0.020994176533471423
0.021640151196039674
0.022361489569241087
0.023174634644486203
0.024101620030265756
0.025172803142721883
0.026431443299858023
0.027941811488421304
0.02980459892098282
0.0321889668346613
0.0354078635181275
0.040128911987211136
0.04815469438465334
0.06741657213851476
