|Ax-x| =  5.998582477997397e-16

real    0m0,241s
user    0m0,277s
sys     0m0,312s
0.6
0.009303342808716619
0.009417261292088698
0.009534977058239937
0.009656700169621706
0.009782657128355958
0.009913092556734043
0.010048271091598358
0.010188479525434694
0.010334029232941074
0.010485258929032853
0.010642537812968356
0.010806269163937019
0.010976894466525413
0.011154898160577326
0.011340813129920274
0.011535227069290275
0.011738789899924872
0.011952222443559849
0.012176326614376495
0.012411997452074167
0.01266023740111567
0.012922173347345696
0.013199077061931592
0.013492389885530174
0.013803752729042384
0.014135042794539351
0.014488418864402799
0.0148663776173873
0.01527182427967967
0.015708162116241885
0.016179406979729177
0.016690335621194347
0.017246680141900842
0.017855386499850138
0.018524963493594684
0.019265962033338403
0.020091646120481463
0.0210189528645037
0.02206990050772886
0.023273713262695936
0.024670136058457755
0.026314811795688238
0.028288422680364737
0.030713144624396
0.033784459086835694
0.03783859417725594
0.043514383303844335
0.05221725996461316
0.06788243795399711
0.10861190072639497
