|Ax-x| =  9.700734367812173e-16

real    0m0,293s
user    0m0,349s
sys     0m0,561s
0.3
0.014308679878374064
0.0143962840408948
0.014486260816150573
0.014578726310721468
0.014673804960574528
0.014771630326978365
0.014872345988298187
0.014976106541705093
0.015083078731288991
0.015193442722005502
0.015307393542420628
0.015425142723516182
0.015546920166070026
0.015672976275524778
0.01580358441115425
0.015939043706106628
0.016079682327043054
0.01622586125728892
0.016377978706576174
0.016536475274703942
0.016701840027451325
0.01687461768290761
0.017055417158081405
0.01724492179317143
0.01744390166001583
0.017653228479935786
0.017873893835935205
0.01810703158162123
0.01835394564864322
0.01861614487219549
0.018895387045278333
0.019193735261782693
0.019513630849479043
0.019857989040940417
0.020230326335458033
0.02063493286216731
0.021077109994928032
0.02156350484096473
0.022102592461988847
0.022705390438224986
0.023386552151371774
0.024166103889750788
0.025072332785616405
0.026146861333571428
0.02745420440024999
0.029101456664265096
0.03128406591408478
0.034412472505493355
0.039574343381317316
0.051446646395712156
