|Ax-x| =  2.467777522610508e-16

real    0m0,235s
user    0m0,277s
sys     0m0,325s
0.9
0.005438423543170773
0.005538312955188271
0.005642156323098085
0.005750197614391389
0.0058627014807599055
0.005979955510375147
0.006102272782178288
0.006229994770642487
0.006363494658584782
0.006503181126700082
0.0066495027020508635
0.006802952764405874
0.0069640753298786245
0.007133471756821629
0.007311808550742181
0.007499826484904119
0.007698351303622123
0.007908306339175495
0.008130727454964773
0.008366780832689581
0.008617784257670295
0.008885232734632457
0.009170829501102732
0.009476523817806217
0.00980455733457642
0.010157521398621165
0.01053842845106948
0.01095080173828525
0.011398789082124133
0.011887308614215168
0.012422237501854914
0.013010659278258533
0.013661192242171527
0.014384431831462907
0.015193556121982628
0.016105169489301678
0.017140501813613887
0.018327151939171775
0.019701688334609693
0.021313644652895834
0.02323187267165656
0.02555505993882222
0.02843000418193965
0.032085290433903346
0.036898083998988786
0.043539739118806854
0.05333618042053831
0.06933703454669994
0.10053870009271487
0.1910235301761583
