0.7
0.01007
0.00999929
0.00999929
0.00999929
0.00999929
0.00999929
0.00999929
0.00999929
0.00999929
0.00999929
0.00999929
0.00999929
0.00999929
0.00999929
0.00999929
0.00999929
0.00999929
0.00999929
0.00999929
0.00999929
0.00999929
0.00999929
0.00999929
0.00999929
0.00999929
0.00999929
0.00999929
0.00999929
0.00999929
0.00999929
0.00999929
0.00999929
0.00999929
0.00999929
0.00999929
0.00999929
0.00999929
0.00999929
0.00999929
0.00999929
0.00999929
0.00999929
0.00999929
0.00999929
0.00999929
0.00999929
0.00999929
0.00999929
0.00999929
0.00999929
0.00999929
0.00999929
0.00999929
0.00999929
0.00999929
0.00999929
0.00999929
0.00999929
0.00999929
0.00999929
0.00999929
0.00999929
0.00999929
0.00999929
0.00999929
0.00999929
0.00999929
0.00999929
0.00999929
0.00999929
0.00999929
0.00999929
0.00999929
0.00999929
0.00999929
0.00999929
0.00999929
0.00999929
0.00999929
0.00999929
0.00999929
0.00999929
0.00999929
0.00999929
0.00999929
0.00999929
0.00999929
0.00999929
0.00999929
0.00999929
0.00999929
0.00999929
0.00999929
0.00999929
0.00999929
0.00999929
0.00999929
0.00999929
0.00999929
0.00999929
