0.4
0.01004
0.0099996
0.0099996
0.0099996
0.0099996
0.0099996
0.0099996
0.0099996
0.0099996
0.0099996
0.0099996
0.0099996
0.0099996
0.0099996
0.0099996
0.0099996
0.0099996
0.0099996
0.0099996
0.0099996
0.0099996
0.0099996
0.0099996
0.0099996
0.0099996
0.0099996
0.0099996
0.0099996
0.0099996
0.0099996
0.0099996
0.0099996
0.0099996
0.0099996
0.0099996
0.0099996
0.0099996
0.0099996
0.0099996
0.0099996
0.0099996
0.0099996
0.0099996
0.0099996
0.0099996
0.0099996
0.0099996
0.0099996
0.0099996
0.0099996
0.0099996
0.0099996
0.0099996
0.0099996
0.0099996
0.0099996
0.0099996
0.0099996
0.0099996
0.0099996
0.0099996
0.0099996
0.0099996
0.0099996
0.0099996
0.0099996
0.0099996
0.0099996
0.0099996
0.0099996
0.0099996
0.0099996
0.0099996
0.0099996
0.0099996
0.0099996
0.0099996
0.0099996
0.0099996
0.0099996
0.0099996
0.0099996
0.0099996
0.0099996
0.0099996
0.0099996
0.0099996
0.0099996
0.0099996
0.0099996
0.0099996
0.0099996
0.0099996
0.0099996
0.0099996
0.0099996
0.0099996
0.0099996
0.0099996
0.0099996
