0.6
0.01006
0.00999939
0.00999939
0.00999939
0.00999939
0.00999939
0.00999939
0.00999939
0.00999939
0.00999939
0.00999939
0.00999939
0.00999939
0.00999939
0.00999939
0.00999939
0.00999939
0.00999939
0.00999939
0.00999939
0.00999939
0.00999939
0.00999939
0.00999939
0.00999939
0.00999939
0.00999939
0.00999939
0.00999939
0.00999939
0.00999939
0.00999939
0.00999939
0.00999939
0.00999939
0.00999939
0.00999939
0.00999939
0.00999939
0.00999939
0.00999939
0.00999939
0.00999939
0.00999939
0.00999939
0.00999939
0.00999939
0.00999939
0.00999939
0.00999939
0.00999939
0.00999939
0.00999939
0.00999939
0.00999939
0.00999939
0.00999939
0.00999939
0.00999939
0.00999939
0.00999939
0.00999939
0.00999939
0.00999939
0.00999939
0.00999939
0.00999939
0.00999939
0.00999939
0.00999939
0.00999939
0.00999939
0.00999939
0.00999939
0.00999939
0.00999939
0.00999939
0.00999939
0.00999939
0.00999939
0.00999939
0.00999939
0.00999939
0.00999939
0.00999939
0.00999939
0.00999939
0.00999939
0.00999939
0.00999939
0.00999939
0.00999939
0.00999939
0.00999939
0.00999939
0.00999939
0.00999939
0.00999939
0.00999939
0.00999939
