0.3
0.01003
0.0099997
0.0099997
0.0099997
0.0099997
0.0099997
0.0099997
0.0099997
0.0099997
0.0099997
0.0099997
0.0099997
0.0099997
0.0099997
0.0099997
0.0099997
0.0099997
0.0099997
0.0099997
0.0099997
0.0099997
0.0099997
0.0099997
0.0099997
0.0099997
0.0099997
0.0099997
0.0099997
0.0099997
0.0099997
0.0099997
0.0099997
0.0099997
0.0099997
0.0099997
0.0099997
0.0099997
0.0099997
0.0099997
0.0099997
0.0099997
0.0099997
0.0099997
0.0099997
0.0099997
0.0099997
0.0099997
0.0099997
0.0099997
0.0099997
0.0099997
0.0099997
0.0099997
0.0099997
0.0099997
0.0099997
0.0099997
0.0099997
0.0099997
0.0099997
0.0099997
0.0099997
0.0099997
0.0099997
0.0099997
0.0099997
0.0099997
0.0099997
0.0099997
0.0099997
0.0099997
0.0099997
0.0099997
0.0099997
0.0099997
0.0099997
0.0099997
0.0099997
0.0099997
0.0099997
0.0099997
0.0099997
0.0099997
0.0099997
0.0099997
0.0099997
0.0099997
0.0099997
0.0099997
0.0099997
0.0099997
0.0099997
0.0099997
0.0099997
0.0099997
0.0099997
0.0099997
0.0099997
0.0099997
0.0099997
