0.8
0.01008
0.00999919
0.00999919
0.00999919
0.00999919
0.00999919
0.00999919
0.00999919
0.00999919
0.00999919
0.00999919
0.00999919
0.00999919
0.00999919
0.00999919
0.00999919
0.00999919
0.00999919
0.00999919
0.00999919
0.00999919
0.00999919
0.00999919
0.00999919
0.00999919
0.00999919
0.00999919
0.00999919
0.00999919
0.00999919
0.00999919
0.00999919
0.00999919
0.00999919
0.00999919
0.00999919
0.00999919
0.00999919
0.00999919
0.00999919
0.00999919
0.00999919
0.00999919
0.00999919
0.00999919
0.00999919
0.00999919
0.00999919
0.00999919
0.00999919
0.00999919
0.00999919
0.00999919
0.00999919
0.00999919
0.00999919
0.00999919
0.00999919
0.00999919
0.00999919
0.00999919
0.00999919
0.00999919
0.00999919
0.00999919
0.00999919
0.00999919
0.00999919
0.00999919
0.00999919
0.00999919
0.00999919
0.00999919
0.00999919
0.00999919
0.00999919
0.00999919
0.00999919
0.00999919
0.00999919
0.00999919
0.00999919
0.00999919
0.00999919
0.00999919
0.00999919
0.00999919
0.00999919
0.00999919
0.00999919
0.00999919
0.00999919
0.00999919
0.00999919
0.00999919
0.00999919
0.00999919
0.00999919
0.00999919
0.00999919
