0.5
0.01005
0.00999949
0.00999949
0.00999949
0.00999949
0.00999949
0.00999949
0.00999949
0.00999949
0.00999949
0.00999949
0.00999949
0.00999949
0.00999949
0.00999949
0.00999949
0.00999949
0.00999949
0.00999949
0.00999949
0.00999949
0.00999949
0.00999949
0.00999949
0.00999949
0.00999949
0.00999949
0.00999949
0.00999949
0.00999949
0.00999949
0.00999949
0.00999949
0.00999949
0.00999949
0.00999949
0.00999949
0.00999949
0.00999949
0.00999949
0.00999949
0.00999949
0.00999949
0.00999949
0.00999949
0.00999949
0.00999949
0.00999949
0.00999949
0.00999949
0.00999949
0.00999949
0.00999949
0.00999949
0.00999949
0.00999949
0.00999949
0.00999949
0.00999949
0.00999949
0.00999949
0.00999949
0.00999949
0.00999949
0.00999949
0.00999949
0.00999949
0.00999949
0.00999949
0.00999949
0.00999949
0.00999949
0.00999949
0.00999949
0.00999949
0.00999949
0.00999949
0.00999949
0.00999949
0.00999949
0.00999949
0.00999949
0.00999949
0.00999949
0.00999949
0.00999949
0.00999949
0.00999949
0.00999949
0.00999949
0.00999949
0.00999949
0.00999949
0.00999949
0.00999949
0.00999949
0.00999949
0.00999949
0.00999949
0.00999949
