0.9
0.01009
0.00999909
0.00999909
0.00999909
0.00999909
0.00999909
0.00999909
0.00999909
0.00999909
0.00999909
0.00999909
0.00999909
0.00999909
0.00999909
0.00999909
0.00999909
0.00999909
0.00999909
0.00999909
0.00999909
0.00999909
0.00999909
0.00999909
0.00999909
0.00999909
0.00999909
0.00999909
0.00999909
0.00999909
0.00999909
0.00999909
0.00999909
0.00999909
0.00999909
0.00999909
0.00999909
0.00999909
0.00999909
0.00999909
0.00999909
0.00999909
0.00999909
0.00999909
0.00999909
0.00999909
0.00999909
0.00999909
0.00999909
0.00999909
0.00999909
0.00999909
0.00999909
0.00999909
0.00999909
0.00999909
0.00999909
0.00999909
0.00999909
0.00999909
0.00999909
0.00999909
0.00999909
0.00999909
0.00999909
0.00999909
0.00999909
0.00999909
0.00999909
0.00999909
0.00999909
0.00999909
0.00999909
0.00999909
0.00999909
0.00999909
0.00999909
0.00999909
0.00999909
0.00999909
0.00999909
0.00999909
0.00999909
0.00999909
0.00999909
0.00999909
0.00999909
0.00999909
0.00999909
0.00999909
0.00999909
0.00999909
0.00999909
0.00999909
0.00999909
0.00999909
0.00999909
0.00999909
0.00999909
0.00999909
0.00999909
