0.2
0.01002
0.0099998
0.0099998
0.0099998
0.0099998
0.0099998
0.0099998
0.0099998
0.0099998
0.0099998
0.0099998
0.0099998
0.0099998
0.0099998
0.0099998
0.0099998
0.0099998
0.0099998
0.0099998
0.0099998
0.0099998
0.0099998
0.0099998
0.0099998
0.0099998
0.0099998
0.0099998
0.0099998
0.0099998
0.0099998
0.0099998
0.0099998
0.0099998
0.0099998
0.0099998
0.0099998
0.0099998
0.0099998
0.0099998
0.0099998
0.0099998
0.0099998
0.0099998
0.0099998
0.0099998
0.0099998
0.0099998
0.0099998
0.0099998
0.0099998
0.0099998
0.0099998
0.0099998
0.0099998
0.0099998
0.0099998
0.0099998
0.0099998
0.0099998
0.0099998
0.0099998
0.0099998
0.0099998
0.0099998
0.0099998
0.0099998
0.0099998
0.0099998
0.0099998
0.0099998
0.0099998
0.0099998
0.0099998
0.0099998
0.0099998
0.0099998
0.0099998
0.0099998
0.0099998
0.0099998
0.0099998
0.0099998
0.0099998
0.0099998
0.0099998
0.0099998
0.0099998
0.0099998
0.0099998
0.0099998
0.0099998
0.0099998
0.0099998
0.0099998
0.0099998
0.0099998
0.0099998
0.0099998
0.0099998
0.0099998
