0.1
0.01001
0.0099999
0.0099999
0.0099999
0.0099999
0.0099999
0.0099999
0.0099999
0.0099999
0.0099999
0.0099999
0.0099999
0.0099999
0.0099999
0.0099999
0.0099999
0.0099999
0.0099999
0.0099999
0.0099999
0.0099999
0.0099999
0.0099999
0.0099999
0.0099999
0.0099999
0.0099999
0.0099999
0.0099999
0.0099999
0.0099999
0.0099999
0.0099999
0.0099999
0.0099999
0.0099999
0.0099999
0.0099999
0.0099999
0.0099999
0.0099999
0.0099999
0.0099999
0.0099999
0.0099999
0.0099999
0.0099999
0.0099999
0.0099999
0.0099999
0.0099999
0.0099999
0.0099999
0.0099999
0.0099999
0.0099999
0.0099999
0.0099999
0.0099999
0.0099999
0.0099999
0.0099999
0.0099999
0.0099999
0.0099999
0.0099999
0.0099999
0.0099999
0.0099999
0.0099999
0.0099999
0.0099999
0.0099999
0.0099999
0.0099999
0.0099999
0.0099999
0.0099999
0.0099999
0.0099999
0.0099999
0.0099999
0.0099999
0.0099999
0.0099999
0.0099999
0.0099999
0.0099999
0.0099999
0.0099999
0.0099999
0.0099999
0.0099999
0.0099999
0.0099999
0.0099999
0.0099999
0.0099999
0.0099999
0.0099999
